R	10B1_3A1	10B1_3B1	10B2_3A1	10B2_3B2	10A2_3B1	10A2_3B2
Intensities	2.8789583906604097	2.59271022591025	2.8789085743147025	2.5927745694818705	2.5206623069019845	2.520773888838031
2e-08	2096993856884054.0	1938663163661035.8	2096993443449808.8	1938663577076446.5	1815847256994250.2	1815848083843906.2
2.0099999999999998e-08	2100617519390351.8	1943042978906556.5	2100616692540695.8	1943043392321967.2	1817139620840851.5	1817140861105918.2
2.0200000000000002e-08	2104166352125193.5	1947404190063066.8	2104165938690945.5	1947405016893885.8	1818478288174023.5	1818479528439090.2
2.03e-08	2107637047689947.5	1951745970280907.8	2107636220840291.5	1951746383696318.5	1819862845578355.5	1819864085843422.2
2.04e-08	2111023818174698.5	1956067079295012.8	2111022991343879.8	1956067492729260.5	1821296187055900.5	1821297427320967.2
2.0499999999999998e-08	2114321702481508.2	1960366276859157.2	2114320875631852.2	1960366690274568.2	1822779552834051.0	1822780793099117.8
2.0600000000000002e-08	2117526566343259.8	1964642322614086.8	2117525739512441.0	1964642736067171.8	1824316663745679.0	1824317904029582.8
2.07e-08	2120633862115094.0	1968894803238575.5	2120633035284272.2	1968895216672820.8	1825911240623656.0	1825912480888722.8
2.08e-08	2123640695832634.8	1973119171031261.5	2123639455548730.8	1973119171012424.5	1827560389484766.2	1827561629749833.0
2.09e-08	2126540866114039.8	1977325761546916.2	2126540039264383.8	1977325761546916.2	1829279820434804.5	1829280647284460.5
2.1000000000000003e-08	2129328998445965.0	1981499691585911.8	2129327758162061.0	1981499691567074.5	1831057130785440.0	1831058371050506.8
2.11e-08	2132003852582175.2	1985645922189675.5	2132003025732519.5	1985646335623923.5	1832893147348654.0	1832894387632558.0
2.12e-08	2134562121105215.5	1989764039980473.8	2134561294255559.5	1989764453395884.5	1834781668780278.8	1834782909045345.5
2.13e-08	2137001736900359.8	1993853218052136.2	2137000496616455.8	1993853218033299.2	1836730550123794.2	1836731790388861.0
2.1400000000000003e-08	2139306163012152.0	1997912629592681.5	2139304922747085.0	1997912629592681.5	1838725321576144.0	1838726561841210.8
2.15e-08	2141503512272400.2	2001943514886010.5	2141500204873776.2	2001941447752453.5	1840768050214373.8	1840769290479440.5
2.16e-08	2143576420857158.2	2005941326230761.0	2143575180573257.0	2005940912796516.0	1842857082339177.2	1842857909188833.0
2.17e-08	2145515793457884.2	2009896141468733.0	2145514553173980.2	2009896141449893.2	1845623303202302.2	1845624543467366.2
2.1800000000000003e-08	2147356771119034.2	2013841447945070.5	2147355530853967.5	2013841447945070.5	1847176124238559.2	1847177364503626.0
2.19e-08	2149067520175936.5	2017742931464973.0	2149066693326280.5	2017743344899218.2	1849408614543277.2	1849409854827178.2
2.2000000000000002e-08	2150662923884732.2	2021611341055131.8	2150661683619668.2	2021611341073971.8	1851691542601677.2	1851692782885581.2
2.21e-08	2152145876247474.8	2025446676734386.5	2152144635963573.5	2025446263300141.2	1854029042643213.5	1854029869492869.5
2.2200000000000004e-08	2153521338324422.8	2029247284765748.0	2153520098059358.8	2029247284765750.8	1856423181782605.8	1856424422047672.5
2.23e-08	2154795098063176.2	2033014405433123.0	2154793857798109.5	2033014405451957.2	1858878094268136.8	1858879334552037.8
2.2400000000000002e-08	2155972943430164.0	2036746385093702.8	2155972116580508.2	2036746798509113.5	1861397914366920.5	1861399154631987.2
2.25e-08	2157061902600373.5	2040444050502965.8	2157060662335306.8	2040443637087557.8	1863988843366616.8	1863989670216275.5
2.2599999999999997e-08	2158068590352218.0	2044106161471191.2	2158067350068314.0	2044106161452351.5	1866655015609696.5	1866656255874760.8
2.27e-08	2159001688616505.0	2047733131376112.8	2159000448332601.0	2047733131357275.8	1869404699498528.5	1869405939763595.2
2.29e-08	2160675229514223.2	2054879994334414.8	2160673575814911.2	2054879580900169.5	1875186435972327.8	1875187676237394.8
2.2999999999999998e-08	2161431795650020.0	2058399060538136.5	2161430555384953.2	2058399060538136.5	1878237506061716.8	1878238746326783.5
2.3100000000000002e-08	2162144952282461.8	2061882572263146.2	2162143298583149.8	2061882158828901.0	1881410122843380.2	1881411363108447.0
2.32e-08	2162819660471815.8	2065327222129657.2	2162820487321471.8	2065327222129657.2	1884717102477571.2	1884716275627915.2
2.33e-08	2163467909509836.2	2068737557782523.2	2163468322925247.0	2068737144348278.0	1888170020802973.2	1888169193953317.2
2.3500000000000002e-08	2164704047655155.0	2075447018007263.0	2164704874504811.0	2075447431441511.0	1895569485907453.8	1895569072492045.5
2.36e-08	2165303926073050.5	2078748209693862.2	2165304339507295.8	2078747796278451.5	1899534636756708.0	1899533809907052.2
2.37e-08	2165898016543351.2	2082011366352781.8	2165898843393007.2	2082011779787027.0	1903689549272448.0	1903689135857037.2
2.3799999999999998e-08	2166492520447897.2	2085236901437101.0	2166493347297553.2	2085236901437101.0	1908044145650542.0	1908043318800886.0
2.4e-08	2167695171248066.8	2091574693372358.2	2167695998097722.8	2091574693372358.2	1917320969725703.2	1917320142876047.2
2.41e-08	2168310346356343.2	2094687363638702.0	2168310759790591.2	2094687363657539.0	1922218805405002.2	1922218391989591.5
2.4300000000000003e-08	2169573357087238.0	2100799839428765.0	2169573770502648.8	2100799425994519.8	1932431621727669.0	1932430794878013.0
2.44e-08	2170234422266680.0	2103799231499399.2	2170234835700925.2	2103799231499396.5	1937692443803314.0	1937692030369066.2
2.46e-08	2171612364892598.5	2109683910595297.0	2171612778308009.5	2109683910576462.5	1948383178398516.5	1948382764964271.2
2.4700000000000003e-08	2172373892145171.2	2112568784167480.8	2172374305579416.2	2112568784186318.0	1953760999502745.5	1953760586087337.5
2.49e-08	2173875448578087.0	2118224426285315.0	2173875862012335.0	2118224426285315.0	1964467444222582.8	1964467030788334.8
2.5e-08	2174657233618984.8	2120994367962474.8	2174657647053230.0	2120994367962472.0	1969759273113249.2	1969758859679001.2
2.52e-08	2176281163612668.5	2126383764943053.2	2176281577028079.2	2126418492553274.8	1980115547596987.8	1980149861791798.5
2.5400000000000002e-08	2177982817342189.2	2131653268911834.5	2177982817342189.2	2131687996540890.5	1990184492305494.8	1990219219934550.8
2.55e-08	2178857622790471.2	2134226834144098.2	2178858036205882.0	2134227247559509.2	1995079847454663.0	1995079847454663.0
2.57e-08	2180661805707845.2	2139262340055714.5	2180662219123256.0	2139263166886533.5	2004575786312016.0	2004576199727424.0
2.59e-08	2182523041138486.0	2144141571646000.2	2182523454553894.2	2144141985061408.2	2013660368171726.8	2013660368171726.8
2.61e-08	2184432647189255.0	2148863702065299.5	2184433060623500.2	2148864115499544.8	2022324497687576.5	2022324497687576.5
2.63e-08	2186378634568391.8	2153428317898201.5	2186378634568391.8	2153428317898201.5	2030569001709221.2	2030569001709221.2
2.65e-08	2188352734817005.5	2157835005729298.0	2188352734817005.5	2157835005729298.0	2038398841353439.8	2038398841353439.8
2.67e-08	2190344198851891.2	2162083765520915.0	2190344198851891.2	2162084178936326.0	2045823111891098.8	2045823525306509.5
2.69e-08	2192292666779998.8	2166174597291889.5	2192292666779998.8	2166175010726137.5	2052854216085881.0	2052854629520128.8
2.71e-08	2194287024798100.5	2170106674211402.8	2194287024798100.5	2170107087626811.0	2059503729814143.5	2059504143229551.5
2.7400000000000004e-08	2197252102655089.8	2175710224876234.5	2197252102655089.8	2175710638291645.2	2068796264013936.5	2068796677429347.2
2.76e-08	2199197676618813.0	2179248722018625.5	2199197676618813.0	2179248722018625.5	2074552368186066.5	2074552368186066.5
2.7900000000000002e-08	2202049889695500.8	2184262316442601.8	2202049889695500.8	2184262729876849.8	2082565768114922.2	2082566181549170.2
2.81e-08	2203896655285411.0	2187410127791089.2	2203896241870000.0	2187410127791086.5	2087514041547909.2	2087514454963317.2
2.84e-08	2206567788607586.8	2191842861320428.5	2206567375192178.5	2191842861320428.5	2094379362678571.5	2094379776093979.5
2.8700000000000002e-08	2209102491962512.0	2195931625995517.5	2209102491962512.0	2195932039410928.2	2100613798576317.0	2100614211991727.8
2.89e-08	2210709058113414.5	2198469636711395.2	2210709058113414.5	2198469636711395.2	2104440865740172.0	2104440865740172.0
2.92e-08	2212982890844433.5	2201998211676746.0	2212982477429025.5	2201998211676746.0	2109716157675385.0	2109716571090793.0
2.96e-08	2215752005671937.2	2206198600848235.2	2215751592256526.5	2206198187432824.5	2115946872740258.8	2115946872740258.8
2.99e-08	2217606212908751.2	2208972676773675.0	2217606212908751.2	2208973090189085.8	2120060029433118.2	2120060442848529.2
3.02e-08	2219269418176344.5	2211437924870491.0	2219269418176344.5	2211437924870491.0	2123738677337960.0	2123738677337960.0
3.06e-08	2221183571909643.8	2214258304282499.0	2221183571909643.8	2214258304282499.0	2128029192971291.5	2128029192971291.5
3.09e-08	2222387876409122.5	2216038095182105.0	2222387876409122.5	2216038095182105.0	2130833035427848.8	2130833035427848.8
3.13e-08	2223690575848174.5	2217982015446519.0	2223690575848174.5	2217981602031108.2	2134085856494317.2	2134085443078906.5
3.17e-08	2224649719829544.0	2219457939596600.0	2224650133263789.2	2219457939596597.2	2136878536508770.5	2136878123074522.5
3.2200000000000004e-08	2225368664390743.5	2220679194485780.0	2225369077824988.5	2220679194485777.5	2139794416914812.8	2139794003480564.8
3.26e-08	2225596461103743.0	2221212925044187.5	2225596874519153.8	2221253440602000.8	2141791668878456.2	2141831771020858.8
3.31e-08	2225467472764562.0	2221401446426766.2	2225467886198809.8	2221401033011358.0	2144036148493768.5	2144035321644112.5
3.3599999999999996e-08	2224902321975725.2	2221027711022561.2	2224902735391133.2	2221027297588313.2	2146048697166635.5	2146047870316979.8
3.42e-08	2223720342398129.0	2219977613748524.8	2223721169228947.8	2219977200295439.5	2148392812005422.2	2148391571721518.5
3.48e-08	2222064578739768.0	2218330945417548.0	2222064578739768.0	2218331772267203.8	2150780336347564.0	2150781163197220.0
3.54e-08	2220021436686124.8	2216274987203648.8	2220022263535780.8	2216275400637896.8	2153401445331460.0	2153401031916052.0
3.61e-08	2217270099079143.8	2213449233259457.0	2217270099079143.8	2213449646693702.2	2156752247903256.8	2156752661337502.0
3.6800000000000005e-08	2214258304301338.8	2210358474461910.8	2214258304301338.8	2210358887896158.8	2160427588447143.5	2160428001881391.5
3.76e-08	2210713605795942.5	2206604169935954.5	2210713605795942.5	2206604996785613.2	2164772676063611.0	2164773502913269.8
3.85e-08	2206785249709301.0	2202452978234255.0	2206785249709301.0	2202453805083911.0	2169803634311536.8	2169804461161192.5
3.95e-08	2202854413054854.5	2198265405204182.0	2202853999639446.5	2198265818638429.8	2175279850355336.2	2175280677204992.2
4.05e-08	2199203051132162.2	2194354826338060.8	2199203051132162.2	2194355653187716.8	2180442277491410.8	2180443104341066.8
4.17e-08	2196793201868138.2	2191646898290943.2	2196800643496207.5	2191655166768668.8	2186061538280877.0	2186062365130533.0
4.3099999999999996e-08	2195181261185051.8	2189714140468633.5	2195181261185051.8	2189714553902881.2	2191712219300772.8	2191712632735020.5
4.46e-08	2194874500471148.2	2189105166723356.8	2194874500471148.2	2189105580157602.0	2196662146414234.2	2196662559848479.5
4.64e-08	2195618250503203.2	2189548770819921.5	2195618250503203.2	2189549184254169.5	2201176737927693.8	2201177151361941.5
4.85e-08	2197043323465348.5	2190691061689363.2	2197043323465348.5	2190691475104771.2	2204707380007770.0	2204707793423178.2
5.11e-08	2198724305991133.5	2192120268918625.5	2198724305991133.5	2192120682334033.8	2206924987056343.8	2206925400471751.8
5.4299999999999997e-08	2200169223326193.2	2193368809789952.2	2200169223326193.2	2193369223224197.5	2207193712742564.8	2207194126176810.0
5.8499999999999994e-08	2201096947077133.8	2194127029662735.2	2201096947077133.8	2194127443078143.5	2205112122245833.5	2205112535661241.5
6.440000000000001e-08	2201216426654685.5	2194141086069218.2	2201216426654685.5	2194141499503463.2	2200843931515547.2	2200844344949792.5
7.37e-08	2200552054057782.2	2193422141489181.8	2200552054057782.2	2193422554923427.0	2196097409059642.8	2196097822493888.0
9.28e-08	2199438702888642.0	2192289359381372.0	2199438702888642.0	2192289772815620.0	2194227491698191.5	2194227905132439.5
1e-06	2195318655800818.8	2195318655800818.8	2195318655800818.8	2195318655800818.8	2195318655800818.8	2195318655800818.8
