R	9A1_2A1	2B1_9A1	2B2_9A1
Intensities	3.8973407136250895	3.6100796484393216	3.610080826452413
2e-08	2469739947523553.0	2068228632676129.0	2068229046091539.8
2.0099999999999998e-08	2448817792516673.5	2069871993589644.8	2069872407023892.8
2.0200000000000002e-08	2428901911865064.5	2071583569496205.8	2071584396345861.8
2.03e-08	2409967500060196.0	2073365427510531.8	2073365840925939.8
2.04e-08	2391990991990473.0	2075218394463444.5	2075219221313100.5
2.0499999999999998e-08	2374951303017906.5	2077145777753568.0	2077146604603224.0
2.0600000000000002e-08	2358829002166163.0	2079151298213776.5	2079152125063435.2
2.07e-08	2343605485365061.5	2081239090073513.2	2081239916923169.2
2.08e-08	2329265042546476.0	2083414527864961.5	2083415354714617.5
2.09e-08	2315787415865581.0	2085686293462423.2	2085687120312079.2
2.1000000000000003e-08	2303172191925796.5	2088061828512802.0	2088062655362458.0
2.11e-08	2291404074017899.5	2090551055211975.5	2090551882061631.5
2.12e-08	2280476033966905.0	2093168443381842.2	2093169270231498.2
2.13e-08	2270386004620417.0	2095930529996682.0	2095931356846338.0
2.1400000000000003e-08	2261067424703538.5	2098860880262289.5	2098861707093108.2
2.15e-08	2253844078293303.0	2103161318072661.0	2103162558337727.8
2.16e-08	2245107186120715.0	2105314430942224.2	2105315257791880.2
2.17e-08	2238422944763402.0	2108905846349599.5	2108906673199258.0
2.1800000000000003e-08	2232626738448871.8	2112790792914051.5	2112791619763707.5
2.19e-08	2227739651796268.8	2117010613043041.5	2117011439892697.5
2.2000000000000002e-08	2223780702310019.8	2121605408822474.2	2121606235672130.2
2.21e-08	2220761465885305.2	2126606187123869.0	2126607427388935.8
2.2200000000000004e-08	2218675327724883.5	2132027831184538.0	2132029071449602.0
2.23e-08	2217491694429138.0	2137861659092500.0	2137862485942158.8
2.2400000000000002e-08	2217151859804330.2	2144069635838920.5	2144070462688576.5
2.25e-08	2217569831599220.5	2150587267282454.8	2150588094132113.5
2.2599999999999997e-08	2218643080644798.2	2157333522250976.0	2157334762534877.2
2.27e-08	2220261636106295.2	2164219514566531.8	2164220754850435.5
2.29e-08	2224717521388341.2	2178078318317381.2	2178079145148202.8
2.2999999999999998e-08	2227376665418757.0	2184913872898088.8	2184915113163153.0
2.3100000000000002e-08	2230237146973170.2	2191627467352276.8	2191628294201932.8
2.32e-08	2233228683962650.0	2198167837095430.2	2198168250529675.2
2.33e-08	2236317375664310.8	2204519272021762.2	2204519685456010.2
2.3500000000000002e-08	2242664676342360.2	2216604072801763.2	2216604486236011.0
2.36e-08	2245878222116079.5	2222328343328050.5	2222329170177706.5
2.37e-08	2249098796121300.0	2227840940719055.2	2227841354134466.0
2.3799999999999998e-08	2252315235840566.5	2233141451484020.8	2233142278333676.8
2.4e-08	2258705532644231.5	2243141767802911.8	2243142594652567.5
2.41e-08	2261868227248857.5	2247854802894829.5	2247855629744485.5
2.4300000000000003e-08	2268122094085272.5	2256766573477756.0	2256767400327412.0
2.44e-08	2271204997820499.0	2260971923728344.0	2260972337143754.5
2.46e-08	2277280678866786.0	2268934472488104.0	2268934885922352.0
2.4700000000000003e-08	2280269321910724.0	2272680095120924.0	2272680921970580.0
2.49e-08	2286159788935379.0	2279855484345276.5	2279856311194932.5
2.5e-08	2289058718932883.0	2283271194530326.0	2283271607945737.0
2.52e-08	2294766452484882.5	2289785931990647.5	2289795027318031.5
2.5400000000000002e-08	2300353466194260.5	2295939336753932.0	2295948432081313.0
2.55e-08	2303102736686521.5	2298891598469502.5	2298892425319158.0
2.57e-08	2308515698797543.5	2304575766834552.5	2304576593684208.5
2.59e-08	2313815382750524.5	2309995343780496.0	2309996170630152.0
2.61e-08	2319005095868748.5	2315182989783997.5	2315183816633653.5
2.63e-08	2324086905304607.0	2320168884810416.5	2320169711660072.5
2.65e-08	2329061637870087.0	2324973700044654.5	2324974526894310.0
2.67e-08	2333932600982645.0	2329619760446265.5	2329620587295921.5
2.69e-08	2338709303385077.5	2334150475499767.5	2334151302349423.0
2.71e-08	2343377688670896.5	2338529050461387.0	2338529877311043.0
2.7400000000000004e-08	2350196706296151.0	2344888753884279.0	2344889580733935.0
2.76e-08	2354621584782013.0	2349001083708645.5	2349001910558301.5
2.7900000000000002e-08	2361081750259201.0	2354999454453340.5	2354999867868748.5
2.81e-08	2365272217253650.0	2358893082910925.5	2358893909760581.5
2.84e-08	2371385519874534.5	2364586760037602.5	2364587586887258.5
2.8700000000000002e-08	2377296244668677.5	2370114240665911.5	2370115067515567.5
2.89e-08	2381126205834583.0	2373711030605470.5	2373711857455126.5
2.92e-08	2386706191331302.5	2378977227194462.5	2378978054044118.5
2.96e-08	2393877032891964.5	2385778467580362.0	2385779294430021.0
2.99e-08	2399008039778772.5	2390694493933263.5	2390694907348671.5
3.02e-08	2403950938698410.0	2395462514423720.0	2395462927857968.0
3.06e-08	2410254416420019.5	2401589873488759.0	2401590286904170.0
3.09e-08	2414771075048207.0	2406016405636264.0	2406016819051675.0
3.13e-08	2420515603362819.5	2411688171312978.0	2411688584728389.0
3.17e-08	2425950890395721.0	2417090384416138.0	2417090797850383.0
3.2200000000000004e-08	2432317208597029.0	2423486469148563.5	2423486882582808.5
3.26e-08	2437081921707698.5	2428315263003995.5	2428326838880347.5
3.31e-08	2442637928620895.5	2434001911936851.0	2434002325371096.5
3.3599999999999996e-08	2447764801259423.5	2439286299180611.0	2439286712596019.0
3.42e-08	2453379100969788.5	2445124674771103.5	2445125088186514.5
3.48e-08	2458433210970415.5	2450419811022719.5	2450420637872375.5
3.54e-08	2462967233403709.5	2455222972576483.0	2455219665196693.5
3.61e-08	2467638926106992.5	2460217136099464.0	2460217549533712.0
3.6800000000000005e-08	2471695030248911.0	2464614315150094.5	2464614315150094.5
3.76e-08	2475654393150571.0	2468935424183039.0	2468935837598447.0
3.85e-08	2479346270631076.5	2473029976768048.5	2473030390183459.0
3.95e-08	2482627617963598.5	2476733430124906.0	2476733430124906.0
4.05e-08	2485178444858566.5	2479671635433991.0	2479671635433991.0
4.17e-08	2487448143341305.5	2482359305711623.0	2482359305711623.0
4.3099999999999996e-08	2489251085974773.0	2484582700688954.0	2484582700688954.0
4.46e-08	2490413634651374.0	2486118571354352.0	2486118984769760.0
4.64e-08	2491041212466827.0	2487115750325727.5	2487116163759975.0
4.85e-08	2491135473158118.0	2487495687111777.5	2487495687111777.5
5.11e-08	2490627374920219.5	2487240191001220.5	2487240191001220.5
5.4299999999999997e-08	2489467720207994.0	2486270711408563.0	2486271124842808.0
5.8499999999999994e-08	2487520905979204.0	2484467355359684.5	2484467355359684.5
6.440000000000001e-08	2484796854392041.5	2481816893260076.5	2481816893260076.5
7.37e-08	2481757773594415.5	2478803858179533.0	2478803858179533.0
9.28e-08	2479863877668278.5	2476907895119836.5	2476907895119836.5
1e-06	2477893222635983.5	2477893222635983.5	2477893222635983.5
