R	10B1_1A1	10B1_1B1	10B2_1A1	10B2_1B2	1A2_10B1	1A2_10B2	2A2_10B1	2A2_10B2	10A2_1B1	10A2_1B2	10A2_1A2	10A2_2A2
Intensities	0.0350633714246656	0.04487791846792811	0.0350649293799424	0.0448736520293604	0.036861684516360904	0.0368665152429025	0.008735141705520401	0.0087328875480064	0.0611791582205241	0.0611724850557184	7.452900000000001e-12	0.0642810205104804
2e-08	2289598650854295.5	2833804131445522.0	2289598237420050.5	2833803718011277.0	2289598650854295.5	2289598237420050.5	2836056466104314.5	2836056052670069.5	2710988224778736.5	2710988224778736.5	2166782744187510.2	2713240559437529.0
2.0099999999999998e-08	2294522118816429.5	2815169452141896.0	2294521291966773.5	2815168625292240.0	2294522118816429.5	2294521291966773.5	2817549121440557.5	2817548294590901.5	2689266094076191.0	2689266094076191.0	2168618760750724.5	2691645763374852.5
2.0200000000000002e-08	2299436904904264.5	2797405857510197.0	2299436491470016.5	2797405444075949.0	2299436904904264.5	2299436491470016.5	2799918235962074.0	2799917822527826.5	2668479955621153.5	2668479955621153.5	2170511003015221.0	2670992334073031.0
2.03e-08	2304341355361974.0	2780483994378198.5	2304340528512318.0	2780483167528542.5	2304341355361974.0	2304340528512318.0	2783134456477804.0	2783133629628148.0	2648600869675646.5	2648600869675646.5	2172458230659421.8	2651251331775251.5
2.04e-08	2309234229943331.5	2764373269402804.5	2309233403112513.0	2764372442571985.5	2309234229943331.5	2309233403112513.0	2767166362832665.5	2767165536001847.0	2629602377163692.5	2629602377163692.5	2174463337704219.8	2632395470593553.5
2.0499999999999998e-08	2314113461552454.5	2749044742902553.5	2314112634702798.5	2749043916052897.5	2314113461552454.5	2314112634702798.5	2751985842176020.0	2751985015326364.0	2611458018877447.5	2611458018877447.5	2176526737527348.2	2614399118150913.5
2.0600000000000002e-08	2318977396452353.5	2734469888573720.5	2318976569621535.0	2734469061742901.5	2318977396452353.5	2318976569621535.0	2737564781619546.5	2737563954788728.0	2594144229705313.0	2594144229705313.0	2178651737583946.0	2597239122751139.0
2.07e-08	2323825621227621.0	2720622660736900.0	2323824794396799.5	2720621833906078.5	2323825621227621.0	2323824794396799.5	2723875481784531.5	2723874654953710.0	2577639098121980.5	2577639098121980.5	2180842058612701.2	2580891919169612.0
2.08e-08	2328657722500517.0	2707476186787673.5	2328656482216613.0	2707474946503769.5	2328657722500517.0	2328656482216613.0	2710891483538478.0	2710890243254574.0	2561917405241178.0	2561917405241178.0	2183098940954021.5	2565332701991982.5
2.09e-08	2333470392797066.5	2695006074708276.0	2333469565947410.5	2695005247858620.0	2333470392797066.5	2333469565947410.5	2698588808241352.0	2698587981391696.0	2546960133596164.5	2546960133596164.5	2185424451684955.0	2550542867129240.5
2.1000000000000003e-08	2338261151643656.5	2683183384836082.5	2338259911359752.5	2683182144552178.5	2338261151643656.5	2338259911359752.5	2686937689380876.0	2686936449096972.0	2532740824035611.0	2532740824035611.0	2187818590843184.5	2536495128580404.0
2.11e-08	2343029172134115.5	2671987445948523.5	2343028345284459.5	2671986619098867.5	2343029172134115.5	2343028345284459.5	2675916628884818.0	2675915802035162.0	2519234671107502.0	2519234671107502.0	2190276397293094.0	2523163854043796.5
2.12e-08	2347774867759204.0	2661393866008990.5	2347774040909548.0	2661393452593579.5	2347774867759204.0	2347774040909548.0	2665501648188500.5	2665500821338844.5	2506411494808795.5	2506411908243040.5	2192792496559008.8	2510519276988305.5
2.13e-08	2352496171328847.0	2651383214097651.5	2352494931044943.0	2651381973813747.5	2352496171328847.0	2352494931044943.0	2655672076031671.0	2655670835747767.0	2494260546169309.5	2494260546169309.5	2195373503400505.0	2498549408103329.0
2.1400000000000003e-08	2357191842596815.5	2641929857912834.5	2357190602331749.0	2641928617647767.5	2357191842596815.5	2357190602331749.0	2646402693584579.0	2646401453319512.5	2482742549896297.0	2482742549896297.0	2198004534580278.2	2487215385568041.5
2.15e-08	2361862708450442.5	2633016433649427.5	2361859401051818.5	2633013126250803.5	2361862708450442.5	2361859401051818.5	2637675310173620.0	2637672002774996.0	2471840968977790.5	2471840968977790.5	2200687243778806.0	2476499845501983.5
2.16e-08	2366504221169523.0	2624618549270828.0	2366502980885622.0	2624617308986927.0	2366504221169523.0	2366502980885622.0	2629464293515961.5	2629463053232060.5	2461534305379244.0	2461534305379244.0	2203419977277939.2	2466380049624378.0
2.17e-08	2371105631746206.5	2616707265095580.5	2371104391462302.5	2616706024811676.5	2371105631746206.5	2371104391462302.5	2621740290458226.0	2621739050174322.0	2452434426829149.5	2452434426829149.5	2206832793479775.8	2457467452191795.0
2.1800000000000003e-08	2375700014110226.0	2609297464379812.0	2375698773845159.0	2609296224114745.0	2375700014110226.0	2375698773845159.0	2614517357463398.5	2614516117198332.0	2442632140673301.0	2442632140673301.0	2209034690403714.8	2447852033756887.5
2.19e-08	2380252227217120.0	2602336228858547.0	2380251400367464.0	2602335402008891.0	2380252227217120.0	2380251400367464.0	2607742162794581.5	2607741335944925.5	2434001911936851.0	2434001911936851.0	2211917910295423.8	2439407845872885.5
2.2000000000000002e-08	2384773020074747.5	2595817770584194.0	2384771779809683.5	2595816943734538.0	2384773020074747.5	2384771779809683.5	2601408091673361.5	2601406851408297.5	2425897972130739.5	2425898385546147.5	2214853221621292.8	2431488293219907.0
2.21e-08	2389261152455716.0	2589725139167045.5	2389259912171814.5	2589723898883144.5	2389261152455716.0	2389259912171814.5	2595496540048396.5	2595495299764495.5	2418307505075872.5	2418307505075872.5	2217843518364543.0	2424078905957224.0
2.2200000000000004e-08	2393715384038450.0	2584040143933504.5	2393714143773386.0	2584038903668440.5	2393715384038450.0	2393714143773386.0	2589989730604986.5	2589988490339922.5	2411216040950362.5	2411216040950362.5	2220891281055308.0	2417165627621844.5
2.23e-08	2398135301426376.0	2578748315042838.5	2398134061161309.5	2578747488212019.5	2398135301426376.0	2398134061161309.5	2584870713009941.0	2584869472744874.5	2404612003877852.0	2404612417312100.0	2223998990261390.0	2410734401844955.0
2.2400000000000002e-08	2402519664335587.5	2573833115558432.5	2402518837485931.5	2573832288708776.5	2402519664335587.5	2402518837485931.5	2580122950288967.5	2580122123439311.5	2398484644831650.5	2398484644831650.5	2227171193608805.5	2404774479562185.0
2.25e-08	2406868059350679.0	2569280075601882.5	2406866819085612.5	2569278835336816.0	2406868059350679.0	2406866819085612.5	2575729905467782.5	2575728665202716.0	2392824868465533.5	2392824868465533.5	2230412852214330.2	2399274698331433.5
2.2599999999999997e-08	2411179659621994.5	2565073898501636.0	2411178419338091.0	2565072658217732.0	2411179659621994.5	2411178419338091.0	2571676695290243.0	2571675455006339.0	2387622752640141.5	2387622752640141.5	2233728513760500.0	2394225549428748.0
2.27e-08	2415454051715283.5	2561201354663195.0	2415452811431379.5	2561200114379291.0	2415454051715283.5	2415452811431379.5	2567948023047124.0	2567946782763220.0	2382872922785610.5	2382872922785610.5	2237125619837699.2	2389619591169539.5
2.29e-08	2423886250307525.5	2554400114277295.0	2423884596608213.5	2554398460577983.0	2423886250307525.5	2423884596608213.5	2561404345905341.5	2561402692206029.5	2374706555915208.0	2374706555915208.0	2244192691945438.5	2381710787543254.5
2.2999999999999998e-08	2428042816503740.0	2551445372012757.0	2428041576238673.5	2551444545163101.0	2428042816503740.0	2428041576238673.5	2558561228156037.5	2558559987890971.0	2371283817536337.0	2371284230951748.0	2247881262027320.2	2378399673679618.0
2.3100000000000002e-08	2432159280576386.5	2548772171575855.5	2432157626877074.5	2548770517876543.5	2432159280576386.5	2432157626877074.5	2555986422658709.5	2555984768959397.5	2368299722156089.5	2368299722156089.5	2251686831156620.2	2375513973238943.5
2.32e-08	2436232748561091.5	2546364389445391.5	2436233575410747.5	2546365216295047.5	2436232748561091.5	2436233575410747.5	2553664219326397.0	2553665046176053.0	2365754269793305.5	2365754269793305.5	2255622628909005.5	2373054099674311.0
2.33e-08	2440266941234207.0	2544216237654927.0	2440267354649618.0	2544216651070337.5	2440266941234207.0	2440267354649618.0	2551587176493356.5	2551587589908767.5	2363648700675377.0	2363648700675377.0	2259699404254657.5	2371019639513806.5
2.3500000000000002e-08	2448207991940578.0	2540643426317728.0	2448208818790234.0	2540644666582792.0	2448207991940578.0	2448208818790234.0	2548110692962168.5	2548111519811824.5	2360765894217918.5	2360766307633326.5	2268330459840768.5	2368233160862359.0
2.36e-08	2452114849973827.0	2539215872787777.5	2452115263408072.5	2539216699637433.5	2452114849973827.0	2452115263408072.5	2546707118034578.0	2546707531468823.0	2360002299850623.5	2360002713266034.0	2272901277036673.0	2367493545097423.5
2.37e-08	2455977058200983.5	2537999992411947.0	2455977885050639.0	2538000819261603.0	2455977058200983.5	2455977885050639.0	2545498679305653.5	2545499506155309.5	2359678175331613.0	2359678175331613.0	2277655241120649.5	2367176862225320.0
2.3799999999999998e-08	2459796270340192.5	2536968085792675.5	2459797097189848.5	2536969326057742.5	2459796270340192.5	2459797097189848.5	2544458090774409.5	2544458917624065.5	2359775330006117.0	2359775743421527.5	2282603514553633.5	2367265334987850.5
2.4e-08	2467300331728414.5	2535471903854272.0	2467301158578070.5	2535472730703928.0	2467300331728414.5	2467301158578070.5	2542892040162485.5	2542892867012141.5	2361218180207617.0	2361218180207617.0	2293046608081759.0	2368638316515830.5
2.41e-08	2470983113900370.5	2534987784181056.5	2470983527334618.5	2534988197615304.5	2470983113900370.5	2470983527334618.5	2542347973992790.5	2542348387427038.5	2362519225947357.0	2362519225947357.0	2298514555666670.5	2369879415759090.5
2.4300000000000003e-08	2478215969072235.0	2534501597411958.5	2478216382487645.5	2534502010827369.0	2478215969072235.0	2478216382487645.5	2541691456477039.0	2541691869892449.5	2366133379710862.5	2366133379710862.5	2309847751371139.0	2373323238775943.0
2.44e-08	2481763561542010.0	2534481753057881.0	2481763974976255.0	2534482166492126.0	2481763561542010.0	2481763974976255.0	2541562054722450.0	2541562468156695.0	2368374965361796.0	2368374965361796.0	2315656773845925.0	2375455267026364.5
2.46e-08	2488718595700267.0	2534844326019979.5	2488719009115677.5	2534845152869638.0	2488718595700267.0	2488719009115677.5	2541660036246609.5	2541660449662020.5	2373543593823199.0	2373544007257447.0	2327417863503486.5	2380359304049829.5
2.4700000000000003e-08	2492126037388756.5	2535210619796120.5	2492126450823002.0	2535211033230365.5	2492126037388756.5	2492126450823002.0	2541872536250388.0	2541872949684633.5	2376402835131385.0	2376402835131385.0	2333318252724021.5	2383064751585653.0
2.49e-08	2498799529719373.5	2536273533230407.5	2498799943153621.5	2536274360098903.0	2498799529719373.5	2498799943153621.5	2542589413696862.0	2542589827131110.0	2382516551167675.0	2382516964601923.0	2345042547656641.5	2388832431634129.5
2.5e-08	2502065166927261.0	2536954856198174.5	2502065580361506.5	2536955683066667.5	2502065166927261.0	2502065580361506.5	2543079734695408.5	2543080148129653.5	2385719761348949.0	2385720174783197.0	2350830072078035.5	2391844639846182.5
2.52e-08	2508452983181961.0	2538581266740829.0	2508453396597372.0	2538582507005895.5	2508452983181961.0	2508453396597372.0	2544294374806172.5	2544294788221583.0	2392313049394763.5	2392313876244419.5	2362184765835896.0	2398026157460107.0
2.5400000000000002e-08	2514649797486272.0	2540515678262448.0	2514649797486272.0	2540516505093267.0	2514649797486272.0	2514649797486272.0	2545783528531917.5	2545783528531917.5	2399046901656108.5	2399047728486927.0	2373181020879932.5	2404314751925577.5
2.55e-08	2517673168159266.5	2541579831980641.5	2517673581574677.0	2541580658811460.5	2517673168159266.5	2517673581574677.0	2546614511042599.0	2546614924458010.0	2402432845291206.0	2402433258706614.5	2378526181469831.0	2407467524353164.0
2.57e-08	2523580998989033.5	2543881364109220.5	2523581412404444.5	2543882604374287.5	2523580998989033.5	2523581412404444.5	2548435644330837.5	2548436057746248.0	2409194810365522.0	2409195637215178.0	2388894445245335.0	2413749090587139.0
2.59e-08	2529295347338283.5	2546372244488871.5	2529295760753691.5	2546373071338527.5	2529295347338283.5	2529295760753691.5	2550431656048254.0	2550432069463662.0	2415891041014598.0	2415891454448846.0	2398814143864010.0	2419950452573980.0
2.61e-08	2534816626584750.0	2549011544127535.5	2534817040018995.5	2549012370996029.0	2534816626584750.0	2534817040018995.5	2552570712473660.0	2552571125907905.0	2422472339749812.5	2422472753184060.5	2408277422207027.0	2426031508095937.0
2.63e-08	2540144836803784.5	2551763295149927.5	2540144836803784.5	2551764121999583.5	2540144836803784.5	2540144836803784.5	2554822220301633.5	2554822220301633.5	2428903978960947.0	2428904805810603.0	2417285520614804.5	2431962904112653.5
2.65e-08	2545279564523462.0	2554595250457124.5	2545279564523462.0	2554595663891372.5	2545279564523462.0	2545279564523462.0	2557159306927759.0	2557159306927759.0	2435159086081266.0	2435159499515514.0	2425843400147603.5	2437723142551900.5
2.67e-08	2550222463424265.0	2557478470348833.5	2550222463424265.0	2557479297198489.5	2550222463424265.0	2550222463424265.0	2559558820580498.0	2559558820580498.0	2441217816719017.0	2441218643568673.0	2433961809794448.5	2443298166950681.5
2.69e-08	2554973533543862.5	2560387735957622.5	2554973533543862.5	2560388562807278.5	2554973533543862.5	2554973533543862.5	2561998436375642.0	2561998436375642.0	2447067354751613.5	2447068181601269.5	2441653152337854.0	2448678055169633.5
2.71e-08	2559533601713074.0	2563299895549627.5	2559533601713074.0	2563300722399283.5	2559533601713074.0	2559533601713074.0	2564458723393354.0	2564458723393354.0	2452696951152368.0	2452697778002024.0	2448930657315814.5	2453855778996094.5
2.7400000000000004e-08	2566019399473096.5	2567634647554807.0	2566019399473096.5	2567635474404463.0	2566019399473096.5	2566019399473096.5	2568155148537550.5	2568155148537550.5	2460720686692509.0	2460721513542165.0	2459105438610798.5	2461241187675252.5
2.76e-08	2570108577563593.5	2570475284773977.0	2570108577563593.5	2570475698189388.0	2570108577563593.5	2570108577563593.5	2570596831466252.0	2570596831466252.0	2465778930941418.5	2465779344356829.0	2465412223731035.0	2465900477633693.0
2.7900000000000002e-08	2575894034851430.5	2574629370421221.0	2575894034851430.5	2574629783855469.0	2575894034851430.5	2575894034851430.5	2574196928785600.5	2574196928785600.5	2472932822093542.0	2472933235527789.5	2474197486523751.0	2472500380457921.0
2.81e-08	2579522245021419.0	2577311252770095.5	2579521831606008.0	2577311666204341.0	2579522245021419.0	2579521831606008.0	2576539389925075.0	2576538976509664.5	2477415166526916.0	2477415993376572.0	2479626158778239.0	2476643303681895.0
2.84e-08	2584625965926077.5	2581179248944843.5	2584625552510669.5	2581179662379091.5	2584625965926077.5	2584625552510669.5	2579943110780687.5	2579942697365279.5	2483715750302986.5	2483716577152642.5	2487162467284220.5	2482479612138830.5
2.8700000000000002e-08	2589329905690611.5	2584840119629165.0	2589329905690611.5	2584840946478821.0	2589329905690611.5	2589329905690611.5	2583191384202303.0	2583191384202303.0	2489522292209964.5	2489523119059620.5	2494012078271411.0	2487873556783102.5
2.89e-08	2592248680061029.5	2587155708183064.0	2592248680061029.5	2587156535032720.0	2592248680061029.5	2592248680061029.5	2585260571954189.0	2585260571954189.0	2493126937211841.0	2493127764061497.0	2498219909089806.5	2491231800982965.5
2.92e-08	2596307264751916.0	2590431680983399.5	2596306851336508.0	2590432094417647.5	2596307264751916.0	2596306851336508.0	2588205805475935.0	2588205392060527.0	2498149626982038.5	2498150453831694.5	2504025210750555.0	2495923751474574.0
2.96e-08	2601176987580575.5	2594436520540814.5	2601176574165164.5	2594436933975059.5	2601176987580575.5	2601176574165164.5	2591831948531203.5	2591831535115792.5	2504184792432838.0	2504185619282493.5	2510925259472599.0	2501580220423227.0
2.99e-08	2604375650098156.0	2597124604252688.5	2604375650098156.0	2597125431102344.5	2604375650098156.0	2604375650098156.0	2594289754981113.0	2594289754981113.0	2508211956912132.0	2508212783761788.0	2515463002757599.0	2505377107640556.5
3.02e-08	2607224555776217.0	2599554297870793.0	2607224555776217.0	2599555124720449.0	2607224555776217.0	2607224555776217.0	2596526379534108.0	2596526379534108.0	2511855050338262.0	2511855877187918.0	2519525308243686.0	2508827132001577.0
3.06e-08	2610498874896077.5	2602389973992027.0	2610498874896077.5	2602390800841683.0	2610498874896077.5	2610498874896077.5	2599156170429980.0	2599156170429980.0	2516160862680820.0	2516161689530476.0	2524269763584870.5	2512927059118772.5
3.09e-08	2612577571447267.0	2604218962361417.0	2612577571447267.0	2604219789211073.0	2612577571447267.0	2612577571447267.0	2600866506071474.0	2600866506071474.0	2519013902607161.0	2519014729456817.0	2527372511693011.0	2515661446317218.0
3.13e-08	2614870421682710.0	2606267478928407.0	2614870421682710.0	2606268305778063.0	2614870421682710.0	2614870421682710.0	2602797610194469.5	2602797610194469.5	2522371319976205.5	2522372146825861.5	2530974262730508.5	2518901451242268.0
3.17e-08	2616645251465538.0	2607874871928963.0	2616645664899783.0	2607876112212864.0	2616645251465538.0	2616645664899783.0	2604323558645156.0	2604323972079401.0	2525295468841133.5	2525296295690789.5	2534065848377708.0	2521744155557326.5
3.2200000000000004e-08	2618169959651157.5	2609301598628094.5	2618170373085403.0	2609302838911998.5	2618169959651157.5	2618170373085403.0	2605702741554978.5	2605703154989223.5	2528416821057127.0	2528417647906786.0	2537285182080190.5	2524817963984011.0
3.26e-08	2618897586143167.5	2610016822375259.0	2618897999558578.0	2610018062640326.0	2618897586143167.5	2618897999558578.0	2606411763957975.0	2606412177373385.5	2530595566209528.0	2530596393059184.0	2539476329977436.0	2526990507792243.5
3.31e-08	2619233699935103.5	2610403787355131.0	2619234113369351.0	2610405027639035.0	2619233699935103.5	2619234113369351.0	2606823947805270.5	2606824361239518.5	2533038489422133.0	2533039316271789.0	2541868402002105.5	2529458649872273.0
3.3599999999999996e-08	2618993087118362.0	2610274385600542.0	2618993500533770.0	2610276039299851.0	2618993087118362.0	2618993500533770.0	2606749118033814.5	2606749531449223.0	2535295371744616.0	2535296612028517.5	2544014073262436.5	2531770104177889.0
3.42e-08	2618038904216091.0	2609514925481529.0	2618039731046910.0	2609516579162004.0	2618038904216091.0	2618039731046910.0	2606083918624927.0	2606084745455746.0	2537930123738427.0	2537930950588083.0	2546454102472988.5	2534499116881825.0
3.48e-08	2616467479090818.0	2608188660874362.5	2616467479090818.0	2608189901139429.0	2616467479090818.0	2616467479090818.0	2604875479877166.0	2604875479877166.0	2540638051804378.5	2540639292069445.5	2548916870020834.0	2537324870807182.0
3.54e-08	2614399531585158.5	2606403495461409.5	2614400358434814.5	2606397707532652.0	2614399531585158.5	2614400358434814.5	2603218475953738.5	2603219302803394.0	2543529953589221.0	2543523338810807.5	2551525989712970.0	2540344934081549.5
3.61e-08	2611502668702380.5	2603860937044170.0	2611502668702380.5	2603860937044170.0	2611502668702380.5	2611502668702380.5	2600846248283149.0	2600846248283149.0	2547163951687969.5	2547163951687969.5	2554805683346180.0	2544149262926948.5
3.6800000000000005e-08	2608245299972221.0	2600983918534303.0	2608245299972221.0	2600983918534303.0	2608245299972221.0	2608245299972221.0	2598144108164789.0	2598144108164789.0	2551053032519536.0	2551053032519536.0	2558314413957453.5	2548213222150021.5
3.76e-08	2604334307690686.5	2597517770614403.0	2604334307690686.5	2597517770614403.0	2604334307690686.5	2604334307690686.5	2594879297806557.5	2594879297806557.5	2555686276742059.5	2555686276742059.5	2562502813818343.0	2553047803934214.0
3.85e-08	2599911909753795.0	2593596856155831.0	2599911909753795.0	2593596856155831.0	2599911909753795.0	2599911909753795.0	2591179978679145.5	2591179978679145.5	2560947512233112.5	2560947512233112.5	2567262565831077.0	2558530634756427.0
3.95e-08	2595378300735909.0	2589605659589493.5	2595377887320501.0	2589605246174085.5	2595378300735909.0	2595377887320501.0	2587423193604221.0	2587422780188813.0	2566620104740648.0	2566620104740648.0	2572392745887063.5	2564437638755375.5
4.05e-08	2591090679048119.0	2585834404655001.5	2591090679048119.0	2585834404655001.5	2591090679048119.0	2591090679048119.0	2583869813186854.5	2583869813186854.5	2571921855808352.0	2571921855808352.0	2577178130201469.0	2569957264340204.5
4.17e-08	2587908966957911.5	2583227765511833.5	2587916408585980.5	2583235207139903.0	2587908966957911.5	2587916408585980.5	2581500479499478.0	2581507921127547.5	2577642405501767.5	2577642405501767.5	2582323606947845.0	2575915119489411.5
4.3099999999999996e-08	2585421393958047.0	2581339657514456.5	2585421393958047.0	2581339657514456.5	2585421393958047.0	2585421393958047.0	2579853397753090.5	2579853397753090.5	2583337736346596.0	2583337736346596.0	2587419472790186.5	2581851476585229.5
4.46e-08	2584240241211272.5	2580711666245921.5	2584240241211272.5	2580711666245921.5	2584240241211272.5	2584240241211272.5	2579442040736611.0	2579442040736611.0	2588268645936799.0	2588268645936799.0	2591797220902150.0	2586999020427488.5
4.64e-08	2584020299579427.5	2581053154588878.5	2584020299579427.5	2581053154588878.5	2584020299579427.5	2584020299579427.5	2579998509632317.0	2579998509632317.0	2592681121696650.5	2592681121696650.5	2595648266687199.5	2591626476740089.0
4.85e-08	2584532118631363.0	2582027595260637.5	2584532118631363.0	2582028008676048.5	2584532118631363.0	2584532118631363.0	2581146588430513.0	2581146588430513.0	2596043913579044.5	2596044326994455.0	2598548436949770.0	2595162906748920.0
5.11e-08	2585324652698954.0	2583241408502908.5	2585324652698954.0	2583241821937156.0	2585324652698954.0	2585324652698954.0	2582515435729050.5	2582515435729050.5	2598046126640626.5	2598046540074874.5	2600129370836672.5	2597320153866768.5
5.4299999999999997e-08	2585987785011953.5	2584232386148955.0	2585987785011953.5	2584232799583203.0	2585987785011953.5	2585987785011953.5	2583625066102990.5	2583625066102990.5	2598057289101567.5	2598057702535815.5	2599812687964566.0	2597449969055603.0
5.8499999999999994e-08	2586192016538004.0	2584697488317746.5	2586192016538004.0	2584697488317746.5	2586192016538004.0	2586192016538004.0	2584182775263760.5	2584182775263760.5	2595682580900844.5	2595682580900844.5	2597177109121102.0	2595167867846858.5
6.440000000000001e-08	2585816214000236.0	2584467624490024.0	2585816214000236.0	2584467624490024.0	2585816214000236.0	2585816214000236.0	2584005002889038.0	2584005002889038.0	2591170469936353.0	2591170469936353.0	2592519059446565.5	2590707848335367.0
7.37e-08	2584867405611314.5	2583580829712305.0	2584867405611314.5	2583580829712305.0	2584867405611314.5	2584867405611314.5	2583140119598956.0	2583140119598956.0	2586256097282766.5	2586256097282766.5	2587542673181775.5	2585815387169417.5
9.28e-08	2583666821944707.5	2582388101108015.5	2583666821944707.5	2582388101108015.5	2583666821944707.5	2583666821944707.5	2581949871524800.0	2581949871524800.0	2584326233424835.0	2584326233424835.0	2585604954261527.0	2583888003841619.5
1e-06	2583457987631655.0	2583457987631655.0	2583457987631655.0	2583457987631655.0	2583457987631655.0	2583457987631655.0	2583457987631655.0	2583457987631655.0	2583457987631655.0	2583457987631655.0	2583457987631655.0	2583457987631655.0
