Iif	1A1	2A1	3A1	4A1	5A1	6A1	7A1	8A1	9A1	10A1	11A1	12A1	1B1	2B1	3B1	4B1	5B1	6B1	7B1	8B1	9B1	10B1	11B1	12B1	1B2	2B2	3B2	4B2	5B2	6B2	7B2	8B2	9B2	10B2	11B2	12B2	1A2	2A2	3A2	4A2	5A2	6A2	7A2	8A2	9A2	10A2	11A2	12A2
1A1
2A1	0.0
3A1	0.0	1.92127321e-08
4A1	4.131233851758815	4.3264e-12	1.6000000000000002e-15
5A1	6.6049e-12	5.234077158447514	0.40972425902258497	1.0000000000000001e-16
6A1	1.6537640044747535	5.55025e-11	6.1504e-12	7.951272039999999e-06	4.0000000000000004e-16
7A1	5.058065411565063	1.38384e-11	5.856400000000001e-12	2.4347711235599996e-05	4.0000000000000004e-16	9.755877433599999e-06
8A1	2.7667599999999997e-11	1.0695198335078464	1.6176426132096402	1.0000000000000001e-16	1.13111815041e-05	4.0000000000000004e-16	1.0000000000000001e-16
9A1	1.3455999999999998e-12	3.8716421936712098	0.18321030582433293	0.0	2.1002880752100002e-05	4.0000000000000004e-16	0.0	2.6658399075999996e-06
10A1	0.6406256888497216	1.849e-13	1.1664000000000002e-12	3.0915485584000004e-06	0.0	1.2391029225e-06	3.8034750624999998e-06	1.0000000000000001e-16	0.0
11A1	1.9044e-12	1.170403295526204	5.526456369341058	0.0	1.2375005049e-06	0.0	1.0000000000000001e-16	3.8119048081e-06	1.1351373872399999e-05	0.0
12A1	1.6000000000000002e-15	0.061823858627521606	3.4833895340774466	0.0	3.7774254736e-06	1.0000000000000001e-16	1.0000000000000001e-16	8.288756160399999e-06	7.61484025e-08	0.0	2.01617164324e-05
1B1	7.5625e-12	5.428900000000001e-12	2.4025e-12	3.67048390469049	1.46709070971904	0.6680523095774089	1.26870284396241	3.749168001120386	0.00011228623611039999	0.1393459616381184	0.5189420856393225	1.7385897729599995e-05
2B1	5.9049e-12	1.6809999999999999e-13	5.183999999999999e-11	0.015945820116097596	1.3453610274110601	3.883858439795533	0.7465760949483224	0.2115134828454025	3.597275836016016	1.0957943853319203	0.46228512793518095	0.0502497544432849	1.1448999999999999e-12
3B1	2.1025000000000004e-12	2.45025e-11	6.90561e-11	0.00026993504208999995	0.10874779122249	0.3637480530317841	1.1872222325833983	0.42698436942096807	0.050732562073209996	4.179852633284064	1.4057812885659904	3.492492976580838	1.849e-13	2.0146963600000003e-08
4B1	2.442297237526308	1.3219285117522501	0.0888687314317881	1.1067460804e-06	8.526121569e-07	2.2355875239999998e-07	3.3826566399999997e-08	1.0232321439999998e-07	3.568321e-10	4.0116084099999995e-08	1.1269448999999998e-07	1.4899600000000003e-11	2.399731072270771	1.3598950472953442	0.08274561188983691
5B1	0.1070843421377536	0.015069381709908099	0.0009069084066064	4.3407014559999994e-07	2.5714026809999997e-07	2.0475625e-07	3.051015696e-07	5.942868100000001e-07	8.08201e-09	3.104644e-08	8.53749961e-08	6.990736000000001e-10	5.812216093191515	0.0230210552181481	0.0011157543964681002	1.47384584649e-05
6B1	5.959608404764047	3.914580960900001e-06	9.923546689e-07	5.768250601000001e-07	1.9166884e-09	3.131969296e-07	9.222913295999999e-07	5.50564e-09	4.3680999999999995e-12	1.1516520959999999e-07	8.346321e-10	3.1360000000000005e-13	0.0511924427308009	5.55574946161e-05	1.0237797124000002e-06	1.355049721e-07	3.4732163560000004e-07
7B1	0.4979445757475344	3.9958126964184095	0.38289783402301214	5.312952100000001e-09	4.9372840000000003e-08	1.7772126490000002e-07	6.384489409000001e-07	2.6383632250000007e-07	1.4632047368999999e-06	9.587073689999999e-08	1.7315928100000003e-08	2.6996337639999996e-07	0.716732254212168	3.943761435450548	0.4029093271069321	1.3644453945599999e-05	3.4444761648999998e-06	3.60924004e-08
8B1	0.4730625260170681	4.089038046769	0.24508450261201	1.748745124e-07	1.1319683236e-06	4.2895950249999994e-07	2.462342884e-07	7.324963396e-07	2.970250000000001e-11	6.257502249999999e-08	1.8395521e-07	8.968090000000001e-11	0.5010812818539025	4.249469608660189	0.30956708353950085	1.4908165800999998e-06	4.821669388900001e-06	3.60696064e-08	1.6730390478399998e-05
9B1	1.3237783497691487	0.7276704514174404	1.2321434901837682	1.6410600999999997e-09	2.0638848999999999e-07	5.445997209e-07	1.368112144e-07	3.39075396e-08	1.551966025e-07	1.943399056e-07	7.756225e-08	5.211107344e-07	1.33204283285056	0.5631701444783569	1.1787758452245136	1.7653639688999996e-06	9.991415246399999e-06	8.34227689e-08	1.5602508099999998e-06	9.945760616099998e-06
10B1	0.035248312691715605	0.0005514235794080999	2.8801994589942015	1.65019716e-08	3.560391610000001e-08	1.9437936399999998e-08	9.140947560000001e-08	3.1399212250000004e-07	5.276569599999999e-09	2.4684004889999995e-07	8.078054883999999e-07	6.744409e-10	0.0463072439497924	0.0027349626117969	2.541176936156164	6.346512225e-07	3.8622496090000005e-07	2.9680704e-09	9.016452024999999e-07	1.3915977155999998e-06	4.520513822499999e-06
11B1	0.1495997508228129	1.0730680921	3.783015547305905	2.2740639999999998e-10	4.14855424e-08	9.29335225e-08	1.876882329e-07	4.27993344e-08	8.298116835999999e-07	6.538986496e-07	1.210552849e-07	1.3529411856000002e-06	0.17662704100804	1.1467360423120643	4.482589278287265	1.7031555025000002e-06	1.4384644096e-06	1.196836e-08	2.6078384889999995e-07	2.2192954729e-06	1.0785030201000002e-06	1.1740970780099998e-05
12B1	0.5153288086396837	0.27329572899576354	2.8648821332179124	2.103598225e-07	4.9392784e-09	2.2934520999999996e-09	3.2137561000000003e-09	1.93877776e-08	8.038915600000001e-09	4.241135376e-07	1.3665609999999997e-06	6.702921e-10	0.46935114437688497	0.21010813567029163	2.4806144160112895	5.578596100000001e-09	3.2695872400000003e-06	2.8828644100000004e-08	4.5694896039999994e-07	4.2177231360000005e-07	3.272297616e-07	6.118053840900001e-06	1.9335367840000003e-05
1B2	7.5625e-12	5.428900000000001e-12	2.4025e-12	3.670487314905528	1.4670713057952962	0.6680684604057026	1.2687207983175046	3.7491498388656224	0.00011230954966440001	0.13934573766377642	0.5189423305673103	1.7386231302400003e-05	0.0	0.0	0.0	0.0	0.0	0.0	0.0	0.0	0.0	0.0	0.0	0.0
2B2	5.9049e-12	1.6809999999999999e-13	5.183999999999999e-11	0.01594633532944	1.345396056528168	3.8838248582756845	0.7465753864304836	0.21151616870467693	3.597277277469082	1.0957886069926084	0.4622848287723962	0.0502502834730625	0.0	0.0	0.0	0.0	0.0	0.0	0.0	0.0	0.0	0.0	0.0	0.0	1.1448999999999999e-12
3B2	2.1025000000000004e-12	2.45025e-11	6.90561e-11	0.00026993208475210005	0.1087500468561984	0.3637437347391241	1.187214801541577	0.42699053792071695	0.0507336657498225	4.179850384368698	1.4057865054593424	3.4924923785580546	0.0	0.0	0.0	0.0	0.0	0.0	0.0	0.0	0.0	0.0	0.0	0.0	1.849e-13	2.0146963600000003e-08
4B2	2.4422926116846324	1.3219331107622503	0.0888688387509129	1.1067460804e-06	8.526121569e-07	2.235492961e-07	3.38228881e-08	1.0232321439999998e-07	3.568321e-10	4.0116084099999995e-08	1.1269448999999998e-07	1.4899600000000003e-11	0.0	0.0	0.0	0.0	0.0	0.0	0.0	0.0	0.0	0.0	0.0	0.0	2.399728686647293	1.3598970530661376	0.0827460491265769
5B2	0.10708176352225	0.015069163202510399	0.0009068993721528999	4.3407014559999994e-07	2.5713012640000004e-07	2.0475625e-07	3.051015696e-07	5.942713921e-07	8.08201e-09	3.104644e-08	8.53749961e-08	6.990736000000001e-10	0.0	0.0	0.0	0.0	0.0	0.0	0.0	0.0	0.0	0.0	0.0	0.0	5.812215659237839	0.0230203633486369	0.0011157497200656001	1.47384584649e-05
6B2	5.959611334241511	3.925747822500001e-06	9.933112224999999e-07	5.768098704e-07	1.9166884e-09	3.131969296e-07	9.222913295999999e-07	5.50564e-09	4.3680999999999995e-12	1.1516520959999999e-07	8.346321e-10	3.1360000000000005e-13	0.0	0.0	0.0	0.0	0.0	0.0	0.0	0.0	0.0	0.0	0.0	0.0	0.05119440213924001	5.55586872129e-05	1.0239213721000002e-06	1.355123344e-07	3.473334225e-07
7B2	0.49794155556206765	3.9958158947436897	0.3828968068366336	5.312952100000001e-09	4.9372840000000003e-08	1.7772126490000002e-07	6.384489409000001e-07	2.6383632250000007e-07	1.4632047368999999e-06	9.587073689999999e-08	1.7315928100000003e-08	2.6996337639999996e-07	0.0	0.0	0.0	0.0	0.0	0.0	0.0	0.0	0.0	0.0	0.0	0.0	0.7167296466852769	3.9437644142869956	0.40290678810537206	1.3644453945599999e-05	3.4444761648999998e-06	3.60924004e-08
8B2	0.47306610255996007	4.089034487808654	0.24508576006627691	1.748745124e-07	1.1319896024999998e-06	4.2895950249999994e-07	2.462342884e-07	7.324963396e-07	2.970250000000001e-11	6.257502249999999e-08	1.8395521e-07	8.968090000000001e-11	0.0	0.0	0.0	0.0	0.0	0.0	0.0	0.0	0.0	0.0	0.0	0.0	0.5010828674860849	4.249468248120345	0.30956672745158414	1.4908165800999998e-06	4.821669388900001e-06	3.60696064e-08	1.6730390478399998e-05
9B2	1.323779592369564	0.7276690353783362	1.23214351238416	1.6410600999999997e-09	2.0638848999999999e-07	5.446144803999999e-07	1.368112144e-07	3.39075396e-08	1.551966025e-07	1.943399056e-07	7.756225e-08	5.211107344e-07	0.0	0.0	0.0	0.0	0.0	0.0	0.0	0.0	0.0	0.0	0.0	0.0	1.3320433406729124	0.5631720806323265	1.1787750635102465	1.7653639688999996e-06	9.991415246399999e-06	8.34285456e-08	1.5602508099999998e-06	9.945760616099998e-06
10B2	0.035247880878756105	0.0005513625268321	2.8802030908215324	1.65019716e-08	3.5607690000000004e-08	1.9437936399999998e-08	9.140947560000001e-08	3.1399212250000004e-07	5.276569599999999e-09	2.4684004889999995e-07	8.078054883999999e-07	6.744409e-10	0.0	0.0	0.0	0.0	0.0	0.0	0.0	0.0	0.0	0.0	0.0	0.0	0.04630676622660491	0.0027348956722128997	2.5411826430622133	6.346512225e-07	3.862125316e-07	2.9691601e-09	9.016452024999999e-07	1.3915977155999998e-06	4.520513822499999e-06
11B2	0.14960093437584	1.0730661239099024	3.7830185426027554	2.2740639999999998e-10	4.14855424e-08	9.29335225e-08	1.876882329e-07	4.27951969e-08	8.298116835999999e-07	6.538986496e-07	1.210552849e-07	1.3529411856000002e-06	0.0	0.0	0.0	0.0	0.0	0.0	0.0	0.0	0.0	0.0	0.0	0.0	0.17662770503558012	1.1467319516396042	4.48259084502474	1.7031555025000002e-06	1.4384644096e-06	1.19705481e-08	2.6078384889999995e-07	2.2192954729e-06	1.0785030201000002e-06	1.1740970780099998e-05
12B2	0.5153305028002575	0.27329519576354483	2.864875159725524	2.103598225e-07	4.9392784e-09	2.2934520999999996e-09	3.2126224e-09	1.93849929e-08	8.038915600000001e-09	4.241135376e-07	1.3665609999999997e-06	6.702921e-10	0.0	0.0	0.0	0.0	0.0	0.0	0.0	0.0	0.0	0.0	0.0	0.0	0.4693523364378436	0.2101075031125225	2.4806103525216225	5.578596100000001e-09	3.2695872400000003e-06	2.8832040000000003e-08	4.5694896039999994e-07	4.2177231360000005e-07	3.272297616e-07	6.118053840900001e-06	1.9335367840000003e-05
1A2	0.0	0.0	0.0	0.0	0.0	0.0	0.0	0.0	0.0	0.0	0.0	0.0	7.5625e-12	5.9049e-12	2.1025000000000004e-12	2.4422511355837155	0.5842369761676816	5.454168546972499	0.5319711734813316	0.46208952333458897	1.3288198822802502	0.036410024575092105	0.14846821178543293	0.5155361917120801	7.5625e-12	5.9049e-12	2.1025000000000004e-12	2.4423912555821286	0.5844102833479823	5.45411698110601	0.5318996253239602	0.46212235688947245	1.3286001782606398	0.036411070243922504	0.1484411946756489	0.5155600155090063
2A2	0.0	0.0	0.0	0.0	0.0	0.0	0.0	0.0	0.0	0.0	0.0	0.0	2.6569e-12	1.6646399999999998e-11	7.0755999999999995e-12	0.8272545165182088	4.959442548236749	0.038962804204400396	1.0127578330656901	0.2310316611457009	3.7740517017640967	0.0094458669430225	0.5113847720813585	0.1250355554374689	2.6569e-12	1.6646399999999998e-11	7.0755999999999995e-12	0.8271154362216769	4.959273165539353	0.0390094732665856	1.0128324458738927	0.23099909293932253	3.7742700634887245	0.0094439582308009	0.5114114460963369	0.1250109741185881	0.0
3A2	0.0	0.0	0.0	0.0	0.0	0.0	0.0	0.0	0.0	0.0	0.0	0.0	2.05209e-11	1.0000000000000001e-16	1.2100000000000002e-14	0.6011804933788899	0.0017591733062500001	4.96607727616e-05	1.5437433902499998e-05	0.9312226454014882	0.0029833738948729	5.941205742941676	0.00012759509764	4.017962320158802	2.05209e-11	1.0000000000000001e-16	1.2100000000000002e-14	0.6011793458491536	0.0017591884055824002	4.96462569201e-05	1.5434290822499998e-05	0.9312212944036864	0.0029832744868095997	5.941198284319875	0.0001275966790569	4.017972382682563	0.0	3.969e-13
4A2	0.0	0.0	0.0	0.0	0.0	0.0	0.0	0.0	0.0	0.0	0.0	0.0	2.4925452779809025	1.2793253395780222	0.0815721410140569	1.65649e-11	1.7962164528999998e-06	1.47719716e-08	1.773673225e-07	2.7729702809999996e-07	4.20168004e-08	1.338023241e-07	3.96328464e-08	7.485695999999999e-10	2.4925474882729444	1.2793227833551106	0.0815724608957449	1.65649e-11	1.7962164528999998e-06	1.47719716e-08	1.773673225e-07	2.7729702809999996e-07	4.20168004e-08	1.338023241e-07	3.96328464e-08	7.485695999999999e-10	1.9201923999999997e-09	3.23998970400818	0.6192727064229925
5A2	0.0	0.0	0.0	0.0	0.0	0.0	0.0	0.0	0.0	0.0	0.0	0.0	3.6978350428168247	0.012131414363289999	0.00016939881500890002	1.0981363263999998e-06	2.648543296e-07	7.466169648999999e-07	3.8105928999999994e-09	1.769464225e-07	1.2362256000000002e-09	1.69650625e-08	1.315609e-10	2.1033230440000003e-07	3.697802967653873	0.0121315355205625	0.0001693936089169	1.0981363263999998e-06	2.648543296e-07	7.466169648999999e-07	3.8093584e-09	1.7693800960000002e-07	1.2369288999999998e-09	1.69650625e-08	1.315609e-10	2.1033230440000003e-07	4.084401994793122	3.1787044e-09	4.761e-13	1.0000000000000001e-16
6A2	0.0	0.0	0.0	0.0	0.0	0.0	0.0	0.0	0.0	0.0	0.0	0.0	2.3412339803115394	0.004923493493112101	1.7444321689599998e-05	6.594739263999999e-07	1.2723488999999999e-07	8.031556e-10	4.6063368999999995e-07	1.400780329e-07	1.2924733968999998e-06	6.8973025e-09	1.651447044e-07	9.664015689999999e-08	2.3412663269304836	0.004923615585510401	1.74461594596e-05	6.594739263999999e-07	1.2723488999999999e-07	8.025889000000001e-10	4.6063368999999995e-07	1.400780329e-07	1.2924733968999998e-06	6.8973025e-09	1.651447044e-07	9.664015689999999e-08	4.7623801e-09	6.811560993462627	0.0011468483845224998	2.5258263577599997e-05	1.0000000000000001e-16
7A2	0.0	0.0	0.0	0.0	0.0	0.0	0.0	0.0	0.0	0.0	0.0	0.0	0.6507529992963169	3.8784431685517955	0.35188580103213685	2.3310549610000002e-07	2.9785397759999993e-07	2.3106287609999998e-07	1.7090782810000002e-07	4.240353924e-07	5.472300625e-07	1.82385025e-08	9.524013210000001e-08	2.5010000999999996e-09	0.6507540963987561	3.87844222325121	0.35188443667431035	2.3310549610000002e-07	2.9785397759999993e-07	2.3106287609999998e-07	1.7090782810000002e-07	4.240353924e-07	5.472300625e-07	1.82385025e-08	9.524013210000001e-08	2.5010000999999996e-09	1.7231181497084025	1.0010896000000002e-09	1.5210000000000003e-13	0.0	8.190757802499999e-06	1.0000000000000001e-16
8A2	0.0	0.0	0.0	0.0	0.0	0.0	0.0	0.0	0.0	0.0	0.0	0.0	0.41152845974342556	4.228666583805396	0.25087547511758407	2.8274742759999997e-07	2.889600025e-07	2.6708224e-09	4.226690168999999e-07	3.1802832359999997e-07	2.4297012639999997e-07	2.6367198010000004e-07	7.67954944e-08	1.237421329e-07	0.41152676617239037	4.228669010324928	0.2508740726703561	2.8274742759999997e-07	2.889600025e-07	2.6708224e-09	4.226690168999999e-07	3.1802832359999997e-07	2.4297012639999997e-07	2.6367198010000004e-07	7.67954944e-08	1.237421329e-07	4.2766239999999994e-10	0.7638718572456168	0.9451610180849664	6.3255771049e-06	1.0000000000000001e-16	5.877375948900001e-06	0.0
9A2	0.0	0.0	0.0	0.0	0.0	0.0	0.0	0.0	0.0	0.0	0.0	0.0	1.2582308339050323	0.7675437806899776	1.1862977367951615	3.29967225e-08	5.100387889e-07	6.988124025e-07	6.571047843999999e-07	2.4729734409999997e-07	1.3512976e-07	9.20636964e-08	1.846163089e-07	3.08025e-09	1.25822995897225	0.767546882072101	1.1862966911893504	3.29967225e-08	5.100387889e-07	6.988124025e-07	6.571047843999999e-07	2.4729734409999997e-07	1.3512976e-07	9.20636964e-08	1.846163089e-07	3.08025e-09	5.038773984040251	3.0019441e-09	6.561e-13	0.0	2.39798254864e-05	1.0000000000000001e-16	1.01262695524e-05	0.0
10A2	0.0	0.0	0.0	0.0	0.0	0.0	0.0	0.0	0.0	0.0	0.0	0.0	0.058505378077322506	0.004992369254890001	2.535076670461608	1.355491489e-07	2.7649038399999994e-08	2.059225e-10	2.3192244099999997e-08	2.8552992249999997e-07	7.98401536e-08	3.946101124e-07	2.654722576e-07	1.5429863088999998e-06	0.058505411940366396	0.004992520461372899	2.5350770207439504	1.355491489e-07	2.7649038399999994e-08	2.059225e-10	2.3192244099999997e-08	2.8552992249999997e-07	7.98401536e-08	3.946101124e-07	2.654722576e-07	1.5429863088999998e-06	4.66489e-11	0.06252333717808892	6.2334286989069305	2.6392926681e-06	0.0	6.376341904000001e-07	0.0	5.654979120399999e-06	0.0
11A2	0.0	0.0	0.0	0.0	0.0	0.0	0.0	0.0	0.0	0.0	0.0	0.0	0.1398011053080196	1.0840366555960559	4.192734641546912	4.0020002500000006e-08	5.5121648399999996e-08	8.90365921e-08	9.64350916e-08	6.08362225e-08	1.953905209e-07	2.4729734409999997e-07	6.543839236e-07	4.2413958759999994e-07	0.1398003575092996	1.08403434419809	4.192733945357223	4.0020002500000006e-08	5.5121648399999996e-08	8.90365921e-08	9.64350916e-08	6.08362225e-08	1.953905209e-07	2.4729734409999997e-07	6.543839236e-07	4.2413958759999994e-07	0.6373948006066081	3.8730240000000004e-10	3.1360000000000005e-13	0.0	3.0410825769e-06	0.0	1.2845502244e-06	0.0	3.7699270569e-06	0.0
12A2	0.0	0.0	0.0	0.0	0.0	0.0	0.0	0.0	0.0	0.0	0.0	0.0	0.45397714364862757	0.2362540028005089	2.879033964372857	7.44769e-11	3.028851225e-07	2.4167056e-09	6.380675999999999e-10	1.1109555610000002e-07	1.2005584899999998e-08	1.4839137856e-06	5.0183056e-07	4.55566336e-08	0.4539769010884863	0.2362538764250116	2.8790378669489285	7.44769e-11	3.028851225e-07	2.4176889e-09	6.380675999999999e-10	1.1108889000000002e-07	1.2005584899999998e-08	1.4839137856e-06	5.0183056e-07	4.55566336e-08	4.0844410000000005e-10	0.6349402959625882	3.699584619049985	6.1042969e-09	1.0000000000000001e-16	5.381147272899999e-06	0.0	1.5880536324000001e-06	0.0	2.9172313299599996e-05	0.0
