sqr(abs(dif))	1A1	2A1	3A1	4A1	5A1	6A1	7A1	8A1	9A1	10A1	11A1	12A1	1B1	2B1	3B1	4B1	5B1	6B1	7B1	8B1	9B1	10B1	11B1	12B1	1B2	2B2	3B2	4B2	5B2	6B2	7B2	8B2	9B2	10B2	11B2	12B2	1A2	2A2	3A2	4A2	5A2	6A2	7A2	8A2	9A2	10A2	11A2	12A2
1A1
2A1	0.0
3A1	0.0	0.0
4A1	4.174165630144699	3.4225000000000004e-12	1.6000000000000002e-15
5A1	1.6008001e-09	5.236917860588316	0.41441147462904016	0.0
6A1	1.6424910754645266	5.637006400000001e-09	4.293184000000001e-10	0.0	0.0
7A1	5.019228298481365	1.490841e-10	3.470769e-10	0.0	0.0	0.0
8A1	9.603801e-10	1.0626569798415026	1.6407383441333483	0.0	0.0	0.0	0.0
9A1	1e-12	3.8973407136250895	0.15898788566912253	0.0	0.0	0.0	0.0	0.0
10A1	0.6469251126039025	9.006000999999999e-10	4.019559999999999e-09	0.0	0.0	0.0	0.0	0.0	0.0
11A1	4.305625e-10	1.1675750549945771	5.510158498810382	0.0	0.0	0.0	0.0	0.0	0.0	0.0
12A1	3.599999999999999e-15	0.043365080411265605	3.49428439668626	0.0	0.0	0.0	0.0	0.0	0.0	0.0	0.0
1B1	0.0	0.0	0.0	3.6475412317978386	1.4687833174343643	0.6849054398252196	1.2728527045959075	3.740260654407623	5.49550894489e-05	0.1417569864095641	0.5266241618765625	2.6186349907600002e-05
2B1	0.0	0.0	0.0	0.017492652050844097	1.3385754620899684	3.866992580077021	0.7428586126048515	0.20787745372164002	3.6100796484393216	1.115428383322865	0.47830434945216005	0.0333580051902276	0.0
3B1	0.0	0.0	0.0	0.0003214927892484	0.11005189867130409	0.36984435479288996	1.206281934597169	0.43161059263439294	0.0321724023068889	4.154874962269081	1.3916288587982402	3.5186872040252886	0.0	0.0
4B1	2.4346225938003987	1.325743214929193	0.08810222519163609	0.0	0.0	0.0	0.0	0.0	0.0	0.0	0.0	0.0	2.402487414016484	1.3684861086900721	0.0818078694305625
5B1	0.0425337290421849	0.0154877651650225	0.0009747127517521	0.0	0.0	0.0	0.0	0.0	0.0	0.0	0.0	0.0	5.741341311056543	0.025601043210627603	0.0012068071531569	0.0
6B1	6.032077122585412	8.131223340900001e-06	2.8083726724e-06	0.0	0.0	0.0	0.0	0.0	0.0	0.0	0.0	0.0	0.1210143857042884	0.00016288140624999998	3.0249209929e-06	0.0	0.0
7B1	0.49353028984275205	3.9786220401577226	0.38684558623357446	0.0	0.0	0.0	0.0	0.0	0.0	0.0	0.0	0.0	0.7207399412131217	3.942504546302292	0.4126703595851776	0.0	0.0	0.0
8B1	0.46185126689295997	4.060889896618401	0.24243443064921608	0.0	0.0	0.0	0.0	0.0	0.0	0.0	0.0	0.0	0.5110170133586116	4.250373220133488	0.325713328369	0.0	0.0	0.0	0.0
9B1	1.3323687592901838	0.74775313041984	1.256566813314948	0.0	0.0	0.0	0.0	0.0	0.0	0.0	0.0	0.0	1.3101445283787028	0.5297136989533489	1.1861478277651398	0.0	0.0	0.0	0.0	0.0
10B1	0.0350633714246656	0.0006537430785600001	2.8789583906604097	0.0	0.0	0.0	0.0	0.0	0.0	0.0	0.0	0.0	0.04487791846792811	0.0017488312701409	2.59271022591025	0.0	0.0	0.0	0.0	0.0	0.0
11B1	0.14707235738001959	1.0810947438198435	3.7447055146157053	0.0	0.0	0.0	0.0	0.0	0.0	0.0	0.0	0.0	0.18284946543318012	1.1710790743989647	4.473325124660268	0.0	0.0	0.0	0.0	0.0	0.0	0.0
12B1	0.5257235756212804	0.2871942869241121	2.8801798743199325	0.0	0.0	0.0	0.0	0.0	0.0	0.0	0.0	0.0	0.46991454123979687	0.20850963267510253	2.4049099240398397	0.0	0.0	0.0	0.0	0.0	0.0	0.0	0.0
1B2	0.0	0.0	0.0	3.647544325761521	1.4686472204315537	0.6850422969667523	1.2727272509865797	3.740382960008581	5.4969323656899996e-05	0.1417263178661136	0.5266540751916096	2.61870663289e-05	0.0	0.0	0.0	0.0	0.0	0.0	0.0	0.0	0.0	0.0	0.0	0.0
2B2	0.0	0.0	0.0	0.017493128189328102	1.3388802017220078	3.866691165884352	0.742881763216692	0.20785297980828157	3.610080826452413	1.1155038351282223	0.47822454265959613	0.033358498324748104	0.0	0.0	0.0	0.0	0.0	0.0	0.0	0.0	0.0	0.0	0.0	0.0	0.0
3B2	0.0	0.0	0.0	0.00032149171343609994	0.11007892392847358	0.36981689132551837	1.2063217815647762	0.4315702161552015	0.032173363719422504	4.155137465262086	1.3913671723987986	3.518686566247738	0.0	0.0	0.0	0.0	0.0	0.0	0.0	0.0	0.0	0.0	0.0	0.0	0.0	0.0
4B2	2.43461878660225	1.3257470606388098	0.08810229049209	0.0	0.0	0.0	0.0	0.0	0.0	0.0	0.0	0.0	0.0	0.0	0.0	0.0	0.0	0.0	0.0	0.0	0.0	0.0	0.0	0.0	2.402485368022279	1.3684876762534883	0.0818083327848336
5B2	0.0418015894120969	0.015490637600732101	0.0009745685188863999	0.0	0.0	0.0	0.0	0.0	0.0	0.0	0.0	0.0	0.0	0.0	0.0	0.0	0.0	0.0	0.0	0.0	0.0	0.0	0.0	0.0	5.740113083037957	0.025593552406022502	0.0012066883482563999	0.0
6B2	6.0326848576410015	7.327091059600001e-06	2.9291980200999997e-06	0.0	0.0	0.0	0.0	0.0	0.0	0.0	0.0	0.0	0.0	0.0	0.0	0.0	0.0	0.0	0.0	0.0	0.0	0.0	0.0	0.0	0.12221102162682491	0.0001675670703529	3.1598617600000002e-06	0.0	0.0
7B2	0.49363442242108835	3.978593756094388	0.3868532116125625	0.0	0.0	0.0	0.0	0.0	0.0	0.0	0.0	0.0	0.0	0.0	0.0	0.0	0.0	0.0	0.0	0.0	0.0	0.0	0.0	0.0	0.7207447633369344	3.9425425502823424	0.41267704051231363	0.0	0.0	0.0
8B2	0.46186419290692815	4.060934391583041	0.24244359878278443	0.0	0.0	0.0	0.0	0.0	0.0	0.0	0.0	0.0	0.0	0.0	0.0	0.0	0.0	0.0	0.0	0.0	0.0	0.0	0.0	0.0	0.5110316679817442	4.250326709587203	0.32569701759566416	0.0	0.0	0.0	0.0
9B2	1.3323821259184163	0.747723193863812	1.2565478242072334	0.0	0.0	0.0	0.0	0.0	0.0	0.0	0.0	0.0	0.0	0.0	0.0	0.0	0.0	0.0	0.0	0.0	0.0	0.0	0.0	0.0	1.310163712203869	0.5297262902160804	1.1861481544964043	0.0	0.0	0.0	0.0	0.0
10B2	0.0350649293799424	0.0006542509655889	2.8789085743147025	0.0	0.0	0.0	0.0	0.0	0.0	0.0	0.0	0.0	0.0	0.0	0.0	0.0	0.0	0.0	0.0	0.0	0.0	0.0	0.0	0.0	0.0448736520293604	0.0017485101147361002	2.5927745694818705	0.0	0.0	0.0	0.0	0.0	0.0
11B2	0.1470673719204496	1.0811022924692761	3.7447641491072763	0.0	0.0	0.0	0.0	0.0	0.0	0.0	0.0	0.0	0.0	0.0	0.0	0.0	0.0	0.0	0.0	0.0	0.0	0.0	0.0	0.0	0.18284783197041002	1.1710765854229264	4.473270641816423	0.0	0.0	0.0	0.0	0.0	0.0	0.0
12B2	0.5257247212293129	0.28719405112591206	2.8801731877132903	0.0	0.0	0.0	0.0	0.0	0.0	0.0	0.0	0.0	0.0	0.0	0.0	0.0	0.0	0.0	0.0	0.0	0.0	0.0	0.0	0.0	0.46991539126406245	0.2085095778796801	2.4049088695114595	0.0	0.0	0.0	0.0	0.0	0.0	0.0	0.0
1A2	0.0	0.0	0.0	0.0	0.0	0.0	0.0	0.0	0.0	0.0	0.0	0.0	0.0	0.0	0.0	2.4346017478666817	0.7716687979991761	5.259389687828965	0.5460344813069317	0.4449937651869608	1.339931424973565	0.036861684516360904	0.14530759245082892	0.526053315719809	0.0	0.0	0.0	2.434716495227996	0.774765823993309	5.256522629019777	0.5458692369425295	0.44501133620888994	1.3397319858291263	0.0368665152429025	0.1452859567796025	0.526073595172676
2A2	0.0	0.0	0.0	0.0	0.0	0.0	0.0	0.0	0.0	0.0	0.0	0.0	0.0	0.0	0.0	0.8240766563854223	4.904324182543975	0.0921503189025441	1.0040163847581924	0.2513926641299329	3.7571687397930624	0.008735141705520401	0.52474492869184	0.12364793275776641	0.0	0.0	0.0	0.8239627875580816	4.903193930693862	0.09320807778800042	1.0040484091310657	0.25134710983209	3.7573721908972932	0.0087328875480064	0.5247624881202064	0.1236279957957529	0.0
3A2	0.0	0.0	0.0	0.0	0.0	0.0	0.0	0.0	0.0	0.0	0.0	0.0	0.0	0.0	0.0	0.6065891131236562	0.0016933776414489	0.00011763441448360001	1.88183307601e-05	0.9431398780621321	0.0040789885796416	5.8941642355442	0.0013613236710543998	4.046233469313026	0.0	0.0	0.0	0.6065881785180441	0.0016918586994841003	0.00011836808968410002	1.8877287040000003e-05	0.9431494925101456	0.004078464887379599	5.8941496202575205	0.0013628811325284	4.046239101585434	0.0	0.0
4A2	0.0	0.0	0.0	0.0	0.0	0.0	0.0	0.0	0.0	0.0	0.0	0.0	2.4837213131010225	1.2841495604824327	0.08071855460421211	0.0	0.0	0.0	0.0	0.0	0.0	0.0	0.0	0.0	2.48372304668224	1.2841473167410173	0.0807189409944241	0.0	0.0	0.0	0.0	0.0	0.0	0.0	0.0	0.0	1.2967201e-09	3.2434993523563684	0.6258310458746256
5A2	0.0	0.0	0.0	0.0	0.0	0.0	0.0	0.0	0.0	0.0	0.0	0.0	3.68891893255234	0.011595841702320099	0.0001624454760681	0.0	0.0	0.0	0.0	0.0	0.0	0.0	0.0	0.0	3.6903056995635857	0.011597465633740898	0.0001624238095936	0.0	0.0	0.0	0.0	0.0	0.0	0.0	0.0	0.0	4.102155718823526	7.337597439999999e-08	3.969e-13	0.0
6A2	0.0	0.0	0.0	0.0	0.0	0.0	0.0	0.0	0.0	0.0	0.0	0.0	2.345322164693581	0.0047317105260048994	1.5537787239999996e-05	0.0	0.0	0.0	0.0	0.0	0.0	0.0	0.0	0.0	2.344026435396677	0.0047182075704241	1.5677165113599997e-05	0.0	0.0	0.0	0.0	0.0	0.0	0.0	0.0	0.0	4.641439360000001e-08	6.804694677046142	0.0013980898722816	0.0	0.0
7A2	0.0	0.0	0.0	0.0	0.0	0.0	0.0	0.0	0.0	0.0	0.0	0.0	0.6573763539405002	3.8600733993783027	0.35300132956272245	0.0	0.0	0.0	0.0	0.0	0.0	0.0	0.0	0.0	0.6572773118714881	3.860147822836292	0.35300008187161	0.0	0.0	0.0	0.0	0.0	0.0	0.0	0.0	0.0	1.7452009239238808	3.721041e-10	5.5651599999999996e-11	0.0	0.0	0.0
8A2	0.0	0.0	0.0	0.0	0.0	0.0	0.0	0.0	0.0	0.0	0.0	0.0	0.40982858868367356	4.218161763832633	0.25696210754449006	0.0	0.0	0.0	0.0	0.0	0.0	0.0	0.0	0.0	0.4098330571422024	4.218071314243696	0.25693978352359836	0.0	0.0	0.0	0.0	0.0	0.0	0.0	0.0	0.0	4.29025e-11	0.7610925429021924	0.9609913642047889	0.0	0.0	0.0	0.0
9A2	0.0	0.0	0.0	0.0	0.0	0.0	0.0	0.0	0.0	0.0	0.0	0.0	1.2574808589602113	0.7719741938891843	1.2056092923658084	0.0	0.0	0.0	0.0	0.0	0.0	0.0	0.0	0.0	1.257485680875356	0.7720150502885769	1.205625059731968	0.0	0.0	0.0	0.0	0.0	0.0	0.0	0.0	0.0	4.9927474968706615	1.2967201e-09	1.5288099999999998e-11	0.0	0.0	0.0	0.0	0.0
10A2	0.0	0.0	0.0	0.0	0.0	0.0	0.0	0.0	0.0	0.0	0.0	0.0	0.0611791582205241	0.005044486702702501	2.5206623069019845	0.0	0.0	0.0	0.0	0.0	0.0	0.0	0.0	0.0	0.0611724850557184	0.0050425436581569005	2.520773888838031	0.0	0.0	0.0	0.0	0.0	0.0	0.0	0.0	0.0	7.452900000000001e-12	0.0642810205104804	6.254736246941585	0.0	0.0	0.0	0.0	0.0	0.0
11A2	0.0	0.0	0.0	0.0	0.0	0.0	0.0	0.0	0.0	0.0	0.0	0.0	0.1426239561454569	1.0989738789122026	4.172736497201844	0.0	0.0	0.0	0.0	0.0	0.0	0.0	0.0	0.0	0.1426277176227225	1.0989645698543122	4.172623575978005	0.0	0.0	0.0	0.0	0.0	0.0	0.0	0.0	0.0	0.6427059582075135	3.2652490000000004e-10	4.562495999999999e-10	0.0	0.0	0.0	0.0	0.0	0.0	0.0
12A2	0.0	0.0	0.0	0.0	0.0	0.0	0.0	0.0	0.0	0.0	0.0	0.0	0.4588472138780645	0.24262402273343997	2.8885651741346434	0.0	0.0	0.0	0.0	0.0	0.0	0.0	0.0	0.0	0.45884713259215354	0.24262453500526238	2.8885738759802497	0.0	0.0	0.0	0.0	0.0	0.0	0.0	0.0	0.0	2.876416e-10	0.6384156058035396	3.654745698242766	0.0	0.0	0.0	0.0	0.0	0.0	0.0	0.0
