sqr(abs(dif))	1A1	2A1	3A1	4A1	5A1	6A1	7A1	8A1	9A1	10A1	11A1	12A1	1B1	2B1	3B1	4B1	5B1	6B1	7B1	8B1	9B1	10B1	11B1	12B1	1B2	2B2	3B2	4B2	5B2	6B2	7B2	8B2	9B2	10B2	11B2	12B2	1A2	2A2	3A2	4A2	5A2	6A2	7A2	8A2	9A2	10A2	11A2	12A2
1A1
2A1	0.0
3A1	0.0	1.2410714415423663e-07
4A1	26.68624287823664	2.7946944019944424e-11	1.0335408291399565e-14
5A1	4.2665211389915616e-11	33.8102027882772	2.64666718993098	6.459630182124728e-16
6A1	10.682703877416571	3.5852562418337773e-10	3.972930947213994e-11	5.136227685586846e-05	2.5838520728498914e-15
7A1	32.67323199570683	8.939094631231487e-11	3.783017819859527e-11	0.00015727721036313912	2.5838520728498914e-15	6.301936032319211e-05
8A1	1.7872246402695412e-10	6.9087025969083	10.44937304818011	6.459630182124728e-16	7.306604943937536e-05	2.5838520728498914e-15	6.459630182124728e-16
9A1	8.692078373067035e-12	25.00937676862614	1.183470821179163	0.0	0.0001356708424178317	2.5838520728498914e-15	0.0	1.7220339927845554e-05
10A1	4.138205035138108	1.1943856206748624e-12	7.534512644430284e-12	1.9970260377344838e-05	0.0	8.00414663693996e-06	2.4569042310683743e-05	6.459630182124728e-16	0.0
11A1	1.2301719718838334e-11	7.5603724530393155	35.69886436359095	0.0	7.99379561184663e-06	0.0	6.459630182124728e-16	2.4623495349789132e-05	7.33256772747371e-05	0.0
12A1	1.0335408291399565e-14	0.39935926316575093	22.501408170424074	0.0	2.440077159999336e-05	6.459630182124728e-16	6.459630182124728e-16	5.354229946599213e-05	4.918905191095822e-07	0.0	0.00013023723199017114
1B1	4.885095325231826e-11	3.5068686295736946e-11	1.5519261512554662e-11	23.70996861374172	9.4768634284159	4.3153708621843645	8.195351183007062	24.218238777893486	0.0007253275598159235	0.9001233795547844	3.3521739591705235	0.00011230646971745795
2B1	3.814347026242832e-11	1.0858638336151668e-12	3.348672286413459e-10	0.10300410090067569	8.690534698518821	25.088289200803082	4.822605476181001	1.3662988777144829	23.237071563757024	7.078426484892886	2.986190965157487	0.3245948304461994	7.395630595514601e-12
3B1	1.3581372457917245e-11	1.5827708853751118e-10	4.4607686781982357e-10	0.001743680545097673	0.7024705144201951	2.3496779020532195	7.669016566485224	2.75816112000718	0.3277135891846236	27.00030222679526	9.080827241087066	22.56021304238022	1.1943856206748624e-12	1.3014193414872832e-07
4B1	15.776336949244788	8.53916931312606	0.574059139803915	7.149170384900084e-06	5.5075592223577055e-06	1.4441068644811894e-06	2.185071092750862e-07	6.609701240702596e-07	2.30500340311095e-09	2.5913506764101397e-07	7.279647289631533e-07	9.624590586158564e-11	15.501375263422814	8.784419092030943	0.5345060520019693
5B1	0.6917252485060039	0.09734263291928072	0.005858292915737348	2.8039326136770355e-06	1.6610310368584046e-06	1.3226496524786767e-06	1.970843307601789e-06	3.838873014714625e-06	5.2206795728233886e-08	2.005485208715245e-07	5.514909016063412e-07	4.51575692608659e-09	37.54476650061099	0.14870750311150946	0.007207360775263702	9.520499113785975e-05
6B1	38.49686632505806	2.5286745325400462e-05	6.410244170598833e-06	3.726076568027871e-06	1.2381098238368353e-08	2.023136339392954e-06	5.957660909396107e-06	3.5564398315913194e-08	2.8216310598539025e-11	7.439246638628805e-07	5.391414704130146e-09	2.025740025114315e-12	0.3306842481605732	0.0003588808690653917	6.6132383300660165e-06	8.753120076051293e-07	2.2435693202266873e-06
7B1	3.2165378105240667	25.811472295901556	2.4733784053252346	3.431970574134297e-08	3.189302874412151e-07	1.1480136467534242e-06	4.1241440483832084e-06	1.704285071961794e-06	9.451761481107111e-06	6.19289505661779e-07	1.118544917862617e-07	1.7438635742617384e-06	4.629825301811215	25.475240399535906	2.602645250039504	8.813812652560861e-05	2.2250042196397278e-05	2.3314355896917062e-07
8B1	3.055808971092018	26.413673582765377	1.5831552502435666	1.1296246783833852e-06	7.312096748335693e-06	2.7709197492582082e-06	1.5905824412226454e-06	4.731655463576046e-06	1.918671654845598e-10	4.042115039881339e-07	1.1882826266750929e-06	5.793054484001097e-10	3.2367997719612167	27.450002142123118	1.9996888762240872	9.63012377682593e-06	3.114620111276535e-05	2.329963181587993e-07	0.00010807213529300483
9B1	8.55111858261206	4.700482010616423	7.959191277899573	1.0600641352640624e-08	1.333193319247148e-06	3.5179127943023436e-06	8.837498497913773e-07	2.190301662017495e-07	1.002512657672214e-06	1.2553639198050305e-06	5.010234510935037e-07	3.366182628159424e-06	8.604504086964402	3.637870862943939	7.614456027771858	1.1403598375941941e-05	6.454084748778662e-05	5.388802358628562e-07	1.0078643223960556e-05	6.4245935459947e-05
10B1	0.22769106453237628	0.003561992396679815	18.60502335585826	1.065966338119251e-07	2.299881310413966e-07	1.255618806476609e-07	5.90471407517954e-07	2.0282729914504056e-06	3.4084688246241805e-08	1.5944954300315836e-06	5.218124714154647e-06	4.356638793699366e-09	0.29912767066909174	0.01766684703414594	16.415063234913603	4.0996121919833565e-06	2.494870414519584e-06	1.9172637138511016e-08	5.824294563636962e-06	8.989206605065585e-06	2.9200847526533022e-05
11B1	0.966359065653381	6.931623035204159	24.43688140882432	1.4689612450483292e-09	2.6798126180885523e-07	6.003161868721678e-07	1.2123965740704957e-06	2.764678722650891e-07	5.360276596862296e-06	4.223943453006762e-06	7.81972372045748e-07	8.739499717141375e-06	1.1409453650749173	7.407490749849271	28.955868996093127	1.1001754688800812e-05	9.29194811616439e-06	7.731117948653433e-08	1.6845672213650944e-06	1.4335828019797614e-05	6.966730660150635e-06	7.584232921857849e-05
12B1	3.3288335260072794	1.765389339666815	18.506079095964306	1.3588466585274005e-06	3.1905911830556736e-08	1.481485240641734e-08	2.075967590154746e-08	1.2523787334928175e-07	5.1928421841313336e-08	2.739616608128651e-06	8.82747868131455e-06	4.329839079999768e-09	3.0318348182317076	1.3572208546857734	16.023851751880233	3.603566774144331e-08	2.1120324418593888e-05	1.8622237953809204e-07	2.951721296290357e-06	2.724493166915137e-06	2.11378324452084e-06	3.9520365246541766e-05	0.00012489932568174786
1B2	4.885095325231826e-11	3.5068686295736946e-11	1.5519261512554662e-11	23.709990642469705	9.476738086244431	4.3154751905622755	8.195467161501135	24.218121456444436	0.0007254781567529946	0.9001219327633647	3.3521755413147463	0.00011230862447438481	0.0	0.0	0.0	0.0	0.0	0.0	0.0	0.0	0.0	0.0	0.0	0.0
2B2	3.814347026242832e-11	1.0858638336151668e-12	3.348672286413459e-10	0.10300742898833251	8.690760973660943	25.08807227660391	4.822600899417785	1.366316227372117	23.23708087501075	7.078389158957868	2.9861890326765326	0.3245982477829179	0.0	0.0	0.0	0.0	0.0	0.0	0.0	0.0	0.0	0.0	0.0	0.0	7.395630595514601e-12
3B2	1.3581372457917245e-11	1.5827708853751118e-10	4.4607686781982357e-10	0.0017436614417885158	0.7024850849797778	2.3496500074796174	7.668968564703191	2.758200966234337	0.3277207185273811	27.000287699633688	9.080860940288817	22.560209179374198	0.0	0.0	0.0	0.0	0.0	0.0	0.0	0.0	0.0	0.0	0.0	0.0	1.1943856206748624e-12	1.3014193414872832e-07
4B2	15.776307068018282	8.539199021029862	0.5740598330457727	7.149170384900084e-06	5.5075592223577055e-06	1.4440457802802981e-06	2.184833488173873e-07	6.609701240702596e-07	2.30500340311095e-09	2.5913506764101397e-07	7.279647289631533e-07	9.624590586158564e-11	0.0	0.0	0.0	0.0	0.0	0.0	0.0	0.0	0.0	0.0	0.0	0.0	15.50135985317739	8.784432048568497	0.5345088763896118
5B2	0.691708591603469	0.09734122144229951	0.0058582345565088385	2.8039326136770355e-06	1.660965525226987e-06	1.3226496524786767e-06	1.970843307601789e-06	3.838773420782438e-06	5.2206795728233886e-08	2.005485208715245e-07	5.514909016063412e-07	4.51575692608659e-09	0.0	0.0	0.0	0.0	0.0	0.0	0.0	0.0	0.0	0.0	0.0	0.0	37.54476369743072	0.14870303389033282	0.0072073305674329674	9.520499113785975e-05
6B2	38.49688524839909	2.5358879121631442e-05	6.416423153104212e-06	3.7259784481832934e-06	1.2381098238368353e-08	2.023136339392954e-06	5.957660909396107e-06	3.5564398315913194e-08	2.8216310598539025e-11	7.439246638628805e-07	5.391414704130146e-09	2.025740025114315e-12	0.0	0.0	0.0	0.0	0.0	0.0	0.0	0.0	0.0	0.0	0.0	0.0	0.3306969052144656	0.0003588885727996761	6.6141533993397265e-06	8.753595653404192e-07	2.2436454592416804e-06
7B2	3.2165183012428704	25.811492955900068	2.473371770081101	3.431970574134297e-08	3.189302874412151e-07	1.1480136467534242e-06	4.1241440483832084e-06	1.704285071961794e-06	9.451761481107111e-06	6.19289505661779e-07	1.118544917862617e-07	1.7438635742617384e-06	0.0	0.0	0.0	0.0	0.0	0.0	0.0	0.0	0.0	0.0	0.0	0.0	4.629808458151808	25.475259641717734	2.6026288490283944	8.813812652560861e-05	2.2250042196397278e-05	2.3314355896917062e-07
8B2	3.0558320742364304	26.413650593197715	1.5831633729331018	1.1296246783833852e-06	7.312234202160373e-06	2.7709197492582082e-06	1.5905824412226454e-06	4.731655463576046e-06	1.918671654845598e-10	4.042115039881339e-07	1.1882826266750929e-06	5.793054484001097e-10	0.0	0.0	0.0	0.0	0.0	0.0	0.0	0.0	0.0	0.0	0.0	0.0	3.23681001455872	27.449993353538872	1.9996865760278328	9.63012377682593e-06	3.114620111276535e-05	2.329963181587993e-07	0.00010807213529300483
9B2	8.551126609351208	4.700472863527487	7.959191421305896	1.0600641352640624e-08	1.333193319247148e-06	3.518008135214016e-06	8.837498497913773e-07	2.190301662017495e-07	1.002512657672214e-06	1.2553639198050305e-06	5.010234510935037e-07	3.366182628159424e-06	0.0	0.0	0.0	0.0	0.0	0.0	0.0	0.0	0.0	0.0	0.0	0.0	8.604507367308997	3.6378833697825574	7.614450978186782	1.1403598375941941e-05	6.454084748778662e-05	5.389175512085293e-07	1.0078643223960556e-05	6.4245935459947e-05
10B2	0.22768827518035004	0.0035615980196171885	18.605046816119703	1.065966338119251e-07	2.3001250903974088e-07	1.255618806476609e-07	5.90471407517954e-07	2.0282729914504056e-06	3.4084688246241805e-08	1.5944954300315836e-06	5.218124714154647e-06	4.356638793699366e-09	0.0	0.0	0.0	0.0	0.0	0.0	0.0	0.0	0.0	0.0	0.0	0.0	0.29912458475397113	0.017666414629188745	16.415100099416165	4.0996121919833565e-06	2.494790125838161e-06	1.917967619752048e-08	5.824294563636962e-06	8.989206605065585e-06	2.9200847526533022e-05
11B2	0.9663667109682368	6.931610321424	24.43690075733426	1.4689612450483292e-09	2.6798126180885523e-07	6.003161868721678e-07	1.2123965740704957e-06	2.764411455452107e-07	5.360276596862296e-06	4.223943453006762e-06	7.81972372045748e-07	8.739499717141375e-06	0.0	0.0	0.0	0.0	0.0	0.0	0.0	0.0	0.0	0.0	0.0	0.0	1.140949654447257	7.407464325617982	28.955879116637814	1.1001754688800812e-05	9.29194811616439e-06	7.732531380333582e-08	1.6845672213650944e-06	1.4335828019797614e-05	6.966730660150635e-06	7.584232921857849e-05
12B2	3.328844469658056	1.765385895183881	18.506034049782397	1.3588466585274005e-06	3.1905911830556736e-08	1.481485240641734e-08	2.0752352618809984e-08	1.252198852171136e-07	5.1928421841313336e-08	2.739616608128651e-06	8.82747868131455e-06	4.329839079999768e-09	0.0	0.0	0.0	0.0	0.0	0.0	0.0	0.0	0.0	0.0	0.0	0.0	3.031842518504655	1.3572167685965157	16.02382550323974	3.603566774144331e-08	2.1120324418593888e-05	1.862443157962275e-07	2.951721296290357e-06	2.724493166915137e-06	2.11378324452084e-06	3.9520365246541766e-05	0.00012489932568174786
1A2	0.0	0.0	0.0	0.0	0.0	0.0	0.0	0.0	0.0	0.0	0.0	0.0	4.885095325231826e-11	3.814347026242832e-11	1.3581372457917245e-11	15.776039147744962	3.773954804766042	35.23191176441894	3.4363370482403197	2.9849274317757404	8.583685018184934	0.23519529367716807	0.9590497419352689	3.330173143960993	4.885095325231826e-11	3.814347026242832e-11	1.3581372457917245e-11	15.776944271115832	3.7750743050586917	35.23157866799139	3.4358748736034874	2.985139524397852	8.582265811468725	0.23520204831110542	0.9588752213974742	3.330327036878671
2A2	0.0	0.0	0.0	0.0	0.0	0.0	0.0	0.0	0.0	0.0	0.0	0.0	1.7162591430887194e-11	1.0752958786372107e-10	4.570575931664173e-11	5.343758243200022	32.036164771103685	0.2516853060189611	6.542041065654369	1.4923790913631827	24.37897828161456	0.061016807201482386	3.3033565084157184	0.8076834477426039	1.7162591430887194e-11	1.0752958786372107e-10	4.570575931664173e-11	5.342859835918807	32.03507062151925	0.2519867709016241	6.542523036802208	1.4921687127942829	24.38038881760158	0.06100447762640675	3.3035288126879516	0.8075246615132451	0.0
3A2	0.0	0.0	0.0	0.0	0.0	0.0	0.0	0.0	0.0	0.0	0.0	0.0	1.3255742500436334e-10	6.459630182124728e-16	7.816152520370923e-14	3.8834036599349133	0.011363608984640651	0.000320790226598469	9.972011397114455e-05	6.015353906513488	0.019271492055883997	38.37799193531883	0.0008242171438064958	25.95455067393771	1.3255742500436334e-10	6.459630182124728e-16	7.816152520370923e-14	3.8833962473171932	0.011363706520743953	0.00032069645963059664	9.969981083671168e-05	6.015345179567309	0.019270849916557954	38.37794375538033	0.0008242273591748335	25.9546156741199	0.0	2.563827219285305e-12
4A2	0.0	0.0	0.0	0.0	0.0	0.0	0.0	0.0	0.0	0.0	0.0	0.0	16.100920707957915	8.263968576295161	0.5269258641149364	1.0700312800387793e-10	1.1602894012781862e-05	9.542147359684933e-08	1.1457273097436508e-06	1.7912362521282485e-06	2.714129920201504e-07	8.643135311947951e-07	2.5601353080895344e-07	4.8354827815810345e-09	16.1009349856271	8.26395206404049	0.526927930432343	1.0700312800387793e-10	1.1602894012781862e-05	9.542147359684933e-08	1.1457273097436508e-06	1.7912362521282485e-06	2.714129920201504e-07	8.643135311947951e-07	2.5601353080895344e-07	4.8354827815810345e-09	1.2403732782526518e-08	20.92913528178461	4.000272665376028
5A2	0.0	0.0	0.0	0.0	0.0	0.0	0.0	0.0	0.0	0.0	0.0	0.0	23.886646851098053	0.07836445037296953	0.0010942536982476542	7.093554558101011e-06	1.7108610213505712e-06	4.8228694809544e-06	2.4615020908630194e-08	1.1430084513999945e-06	7.985560197675252e-09	1.0958802976663241e-07	8.498347604274933e-10	1.3586689017780861e-06	23.88643965740735	0.07836523300414375	0.0010942200688186397	7.093554558101011e-06	1.7108610213505712e-06	4.8228694809544e-06	2.460704649517037e-08	1.1429541071772353e-06	7.990103255582339e-09	1.0958802976663241e-07	8.498347604274933e-10	1.3586689017780861e-06	26.383726401496105	2.053325488229268e-08	3.0754299297095834e-12	6.459630182124728e-16
6A2	0.0	0.0	0.0	0.0	0.0	0.0	0.0	0.0	0.0	0.0	0.0	0.0	15.123505682636436	0.03180394716960164	0.00011268386689283318	4.259957679297742e-06	8.218903356633199e-07	5.188088154702496e-09	2.9755232868274852e-06	9.048522891735008e-07	8.348900164208513e-06	4.4554023404244344e-08	1.0667737169603067e-06	6.242596743165094e-07	15.123714629832458	0.0318047358413427	0.00011269573820739303	4.259957679297742e-06	8.218903356633199e-07	5.184427482278287e-09	2.9755232868274852e-06	9.048522891735008e-07	8.348900164208513e-06	4.4554023404244344e-08	1.0667737169603067e-06	6.242596743165094e-07	3.076321423271019e-08	44.0001649807547	0.007408216438982526	0.0001631590417539267	6.459630182124728e-16
7A2	0.0	0.0	0.0	0.0	0.0	0.0	0.0	0.0	0.0	0.0	0.0	0.0	4.203623715362682	25.053308551232647	2.2730521410083284	1.5057752982267183e-06	1.924026543570863e-06	1.4925807284241065e-06	1.104001364756145e-06	2.739111819036143e-06	3.5349038282910017e-06	1.1781398122575732e-07	6.152160318627063e-07	1.6155535731456966e-08	4.2036308022387106	25.05330244494046	2.273043327761333	1.5057752982267183e-06	1.924026543570863e-06	1.4925807284241065e-06	1.104001364756145e-06	2.739111819036143e-06	3.5349038282910017e-06	1.1781398122575732e-07	6.152160318627063e-07	1.6155535731456966e-08	11.130706007223315	6.466668595171174e-09	9.825097507011716e-13	0.0	5.290926631550262e-05	6.459630182124728e-16
8A2	0.0	0.0	0.0	0.0	0.0	0.0	0.0	0.0	0.0	0.0	0.0	0.0	2.6583216593619334	27.315622294891604	1.6205627910244274	1.8264438172430862e-06	1.8665747535758376e-06	1.7252524986134805e-08	2.730285538616227e-06	2.05434535789709e-06	1.5694971618481006e-06	1.7032234808345508e-06	4.960704934774307e-07	7.993284164813295e-07	2.6583107195193585	27.31563796931041	1.620553731733985	1.8264438172430862e-06	1.8665747535758376e-06	1.7252524986134805e-08	2.730285538616227e-06	2.05434535789709e-06	1.5694971618481006e-06	1.7032234808345508e-06	4.960704934774307e-07	7.993284164813295e-07	2.7625409467998985e-09	4.934329704339459	6.105390639389387	4.08608887861692e-05	6.459630182124728e-16	3.796567507120841e-05	0.0
9A2	0.0	0.0	0.0	0.0	0.0	0.0	0.0	0.0	0.0	0.0	0.0	0.0	8.127705870772912	4.958048971847103	7.663044665588284	2.1314662457219414e-07	3.294661954832783e-06	4.514069686832095e-06	4.244653898128803e-06	1.5974493879076443e-06	8.728882761992709e-07	5.946974319434077e-07	1.1925530810829023e-06	1.98972758684897e-08	8.127700219030705	4.958069005628674	7.663037911361428	2.1314662457219414e-07	3.294661954832783e-06	4.514069686832095e-06	4.244653898128803e-06	1.5974493879076443e-06	8.728882761992709e-07	5.946974319434077e-07	1.1925530810829023e-06	1.98972758684897e-08	32.548616508211275	1.939144871341126e-08	4.238163362492036e-12	0.0	0.00015490080447403326	6.459630182124728e-16	6.541195643301374e-05	0.0
10A2	0.0	0.0	0.0	0.0	0.0	0.0	0.0	0.0	0.0	0.0	0.0	0.0	0.3779231060448909	0.03224885911919899	16.37565777451407	8.755973733957591e-07	1.7860256295536558e-07	1.3301831961785793e-09	1.4981331997956415e-07	1.8444177052807345e-06	5.157378659400343e-07	2.5490353922306718e-06	1.714852607709751e-06	9.967120931575668e-06	0.3779233247876313	0.03224983585715966	16.37566003720846	8.755973733957591e-07	1.7860256295536558e-07	1.3301831961785793e-09	1.4981331997956415e-07	1.8444177052807345e-06	5.157378659400343e-07	2.5490353922306718e-06	1.714852607709751e-06	9.967120931575668e-06	3.013346424029183e-10	0.4038776359227444	40.26564416158168	1.7048854578319266e-05	0.0	4.1188810614625065e-06	0.0	3.6529073805420985e-05	0.0
11A2	0.0	0.0	0.0	0.0	0.0	0.0	0.0	0.0	0.0	0.0	0.0	0.0	0.9030634393420809	7.002475899017832	27.08351523617634	2.5851441603770714e-07	3.5606546369310736e-07	5.751434576426881e-07	6.22935028315323e-07	3.929794990274555e-07	1.2621505061067126e-06	1.5974493879076443e-06	4.227078143583763e-06	2.739784881494895e-06	0.9030586088388992	7.002460968241769	27.083510739048414	2.5851441603770714e-07	3.5606546369310736e-07	5.751434576426881e-07	6.22935028315323e-07	3.929794990274555e-07	1.2621505061067126e-06	1.5974493879076443e-06	4.227078143583763e-06	2.739784881494895e-06	4.11733469192782	2.5018302726493453e-09	2.025740025114315e-12	0.0	1.9644268800076886e-05	0.0	8.297719399989334e-06	0.0	2.4352334601159893e-05	0.0
12A2	0.0	0.0	0.0	0.0	0.0	0.0	0.0	0.0	0.0	0.0	0.0	0.0	2.9325244591074484	1.5261134871379476	18.597494691625123	4.810932311110852e-10	1.956525879017546e-06	1.5611024435069855e-08	4.121680727195888e-09	7.176362072834912e-07	7.75516385741009e-08	9.585534277132726e-06	3.241639831688555e-06	2.9427900539855754e-07	2.932522892258639	1.5261126707989712	18.597519900823297	4.810932311110852e-10	1.956525879017546e-06	1.5617376189427938e-08	4.121680727195888e-09	7.17593146742734e-07	7.75516385741009e-08	9.585534277132726e-06	3.241639831688555e-06	2.9427900539855754e-07	2.6383978360707715e-09	4.101479499647143	23.8979484665397	3.943150049589042e-08	6.459630182124728e-16	3.4760221338483016e-05	0.0	1.0258239174683852e-05	0.0	0.00018844235547249477	0.0
