R	1s5	1s4	1s3	1s2	2p10	2p9	2p8	2p7	2p6	2p5	2p4	2p3	2p2	2p1
2.0	370832.27621597325	404521.26334033627	428219.1247971529	422972.26007081126	266610.8177282931	250454.65349603762	272235.2517505807	375720.8183894801	304750.9810411942	339803.37161417224	368985.2487413734	365685.4494305489	404164.22322848527	341973.0872475307
2.01	365993.86059298523	398695.5679346594	421262.05930534523	415951.07812069985	263516.94146398216	244952.5828899939	266584.6740840101	368110.81542643136	297426.1637152392	331301.0774391019	361664.2495854143	358113.7570968579	397807.67183498334	334496.57813221694
2.02	361269.3928514391	392997.782281244	414459.3067442473	409086.3108524032	260512.48728547423	239544.05511147875	261018.63714983177	360663.0849020698	290322.56848541985	322938.72425568243	354507.78442609205	350702.7803348385	391630.4292425484	327193.4063159139
2.03	356656.33612129785	387425.1324681098	407808.8519164511	402376.0648735503	257592.64256144545	234222.11905101064	255524.80798939217	353375.9683692355	283454.56071249105	314715.07867778424	347514.07166453655	343451.0663183222	385630.09692961327	320061.4511363663
2.04	352152.09775272635	381974.9044250409	401308.3711221009	395818.4095663244	254752.47537162743	228978.9610454534	250088.97790995336	346248.03351297206	276838.5793651561	306629.17432372685	340681.51360677835	336357.49621335004	379803.97040083865	313098.80728554196
2.05	347754.2206956034	376644.2336310862	394955.854872964	389411.59778971534	251986.99142137513	223806.17668761328	244695.53835293074	339277.892403791	270493.5717559331	298680.353039363	334008.507269383	329421.0643405618	374149.38110334607	306303.7026329403
2.06	343460.25294257625	371430.3301744364	388749.0847141778	383153.8058580972	249290.8563129529	218694.91723644978	239327.68601099236	332464.06808265555	264439.6993029757	290868.5590747714	327493.67217832734	322641.0521607724	368663.54858261434	299674.4031859092
2.07	339267.6490501748	366330.52604288474	382686.0017023272	377043.29385236773	246658.14808876882	213636.10441589262	233969.00641324016	325805.32457525405	258697.345871307	283194.16895517206	321135.7678854412	316016.7206609387	363343.617915396	293209.1042579483
2.08	335174.2027627347	361342.0593282336	376764.4400366525	371079.03578517	244081.55200540248	208621.24285521705	228604.51126318704	319300.05794764275	253283.8516480714	275658.18182526383	314933.5236182708	309547.451783158	358187.13767465827	286906.0584737602
2.09	331177.0941198306	356462.44757591904	370982.32123612263	365257.39008692285	241552.10323030097	203643.75362523698	223224.72497266406	312947.41863844846	248215.26551274175	268262.43789285637	308885.4857547089	303232.9552770848	353191.3522007066	280764.10687895643
2.1	327274.2052111293	351688.35202324437	365337.47161740455	359578.3895808216	239058.46260663224	198696.71219961907	217824.13927860654	306745.94418530364	243499.27871949083	261009.86834694308	302989.5299416943	297071.79905674094	348353.3300744446	274781.3080506292
2.11	323463.0537631863	347017.40024636843	359827.8236199129	354039.7214971866	236586.24952308982	193778.35195697288	212405.38271462813	300694.46234664635	239125.5930632523	253904.06908989727	297244.2611993304	291063.12854835973	343671.2254471033	268955.5314403832
2.12	319741.45552913606	342447.10115032026	354451.33038195304	348639.7902467315	234118.15360262786	188888.67448591237	206977.07480567717	294791.76019848936	235071.17550426818	246950.98521377656	291647.60952910315	285205.64507458464	339142.69637776865	263285.6826917835
2.13	316106.68058636866	337974.8086836125	349205.7684800375	343376.7304008276	231637.57916435506	183943.88454947982	201557.57346949598	289036.7943476133	231462.45207860367	240158.16896055936	286198.70707978174	279499.5801205603	334766.71419616434	257770.1468341973
2.14	312556.9762373006	333604.2119850037	344089.1523048653	338250.0648272036	229122.01097004538	179215.07695150498	196163.91469917976	283428.28944688186	227932.24676980232	233536.82308237656	280894.6710145877	273944.3010798274	330539.8356728783	252408.88506332733
2.15	309089.9007933089	329320.65161028114	339099.440720589	333255.7249446939	226552.4902966302	174401.451506515	190026.4229533521	277965.2837459422	225289.56917477874	227552.1583005465	275734.3910131363	268561.45218944334	326460.4065564124	247505.2835472394
2.16	305703.1168748341	325127.97481811227	334234.4325929111	328392.89576613286	223908.0280537717	169730.88004927605	185538.52557657342	272646.4161508733	221824.01014193083	220857.74122828155	270715.8640487002	263276.4683398495	322525.55238742544	242137.24997499568
2.17	302394.4991958286	321023.85739404376	329491.7630781194	323659.62285919907	221201.22350064552	164010.4381643407	179582.44505257317	265813.0766485343	221788.26853760562	214837.8081323278	265903.96476875135	258242.29862285836	318838.88462153455	237224.33378184788
2.18	299161.9108639764	317006.19678081735	324869.56709907035	319054.0535588218	218330.24161318922	160508.3916858479	175255.79639867326	262437.12142490945	216530.29651451472	209061.69420327677	261097.86574344276	253198.17633937133	315078.2674051108	232458.75078791365
2.19	296003.2082907663	313073.0556245083	320365.62193821743	314573.95489638794	215378.59825657486	156016.7199821342	170279.5327551477	257544.4277008251	214120.40364336708	203556.89634479315	256495.764178257	248379.094337114	311560.4458695595	227839.13002687282
2.2	292916.24631283013	309222.52220743295	315977.672187432	310217.27633618074	212315.8396237102	151612.83458393262	165425.18467322932	252791.37665220627	211835.86109220187	198352.55794916177	252029.77597503306	243706.27724241704	308175.94712737337	223364.18404743253
2.21	289898.9831169812	305452.79611756466	311703.55171686324	305981.7388708477	209147.6133857334	147300.09275317192	160696.7916240105	248176.9727968392	209655.8000129447	193476.2858915123	247698.85889185785	239179.2717927436	304921.75189256726	219033.2207093773
2.22	286949.44051053456	301762.2401031272	307541.1981194442	301864.9872085417	205884.07205421894	143079.85180036543	156095.43874825517	243699.95686333906	207562.53775071827	188949.46861368595	243501.72001721844	234797.809553508	301794.8582247294	214844.86556857402
2.23	284065.61041729985	298149.27370439534	303488.3108123824	297864.5938412192	202538.72974156932	138951.59524688515	151619.7872635838	239359.08925900832	205542.25199812592	184782.94131648462	239437.453712788	230561.4823009544	298792.2551419962	210798.37122236786
2.24	281245.5094206344	294612.58525263466	299542.7045699676	293978.02274795965	199126.92323659625	134913.7135684816	147266.78577963135	235153.05679488415	203584.95106452398	180973.26254024066	235504.96808834077	226469.69923198462	295910.7722651469	206893.1624080768
2.25	278487.28834400745	291150.82134855655	295701.9591626349	290202.67345452524	195664.4261634433	130963.57933181811	143032.48873211266	231080.62972148496	201684.52140152844	177501.31004303484	231703.54618279767	222522.06279353524	293147.37228875555	203128.3240102999
2.26	275789.0077301053	287762.79697067436	291964.0304978982	286535.8448486314	192166.90949362627	127098.05306223047	138912.31421715295	227140.4647800441	199837.34669673812	174336.73798794346	228032.35473239512	218718.1252967691	290498.8386740637	199503.47902086095
2.27	273148.82262153	284447.2972756686	288326.40660814324	282974.78149310173	188648.6919712092	123313.46490159727	134902.00055261946	223331.26451046407	198041.745302122	171441.191775177	224491.02879528777	215057.0515781617	287962.0307990456	196017.92206113535
2.29	268035.83023333055	278029.99712599354	281343.53369412356	276158.4817829812	181602.06363663584	115972.73736881607	127193.48644130128	216100.36795815188	194600.17228737127	166299.19850420018	217795.84128040925	208161.72006359117	283211.20783813635	189463.6754095895
2.3	265559.5572700729	274926.2691422564	277993.42184941703	272897.56743875484	178095.68342740557	112409.2653882566	123487.52309490238	212676.45645176867	192950.35857219735	163981.31790662633	214641.89986446782	204926.10986620223	280990.7449340139	186393.95616725917
2.31	263134.48263956443	271891.216256013	274734.53291610884	269730.8632163744	174613.03235353116	108912.56920499638	119876.38673797896	209379.9305602112	191343.90646791016	161797.40610482715	211617.04482071564	201834.3925518296	278869.34355098003	183467.14206354905
2.32	260759.04438169135	268924.03136125696	271564.5677402772	266655.76868532633	171161.81621780095	105479.12002922082	116356.06159789306	206213.8066280356	189772.29162807524	159716.3448399632	208721.52663861823	198879.44712741053	276843.6737407711	180672.99449890116
2.33	258431.64978707043	266023.7737407459	268481.0286831359	263669.0084006367	167748.56642835212	102106.10560355849	112924.87448267493	203200.0523857287	188216.82369546877	157724.81060880932	205956.24294847634	196064.51159648687	274911.03671778773	178015.52982041994
2.35	253915.10219999633	260420.41063431112	262564.287128687	257949.39499622342	161057.02734237755	95529.19137280431	106321.4278469888	197241.10919634797	185377.58334211676	153960.29331013473	200817.9911522899	190852.47176025473	271311.38414749	173107.9769728777
2.36	251719.25108813922	257715.1013666361	259725.11193119577	255210.72738917294	157784.00414599405	92318.23446080927	103144.95526683459	194566.81436594966	183900.46690524684	152169.70574967298	198444.87242982019	188453.66724646062	269637.7393961544	170855.85598172605
2.37	249565.73447206488	255072.86645825548	256963.03643230416	252549.2008278268	154565.7816291124	89156.56453152224	100049.52298294824	191978.32974668185	182455.04285858182	150432.68793522104	196202.49652737562	186192.45941699643	268044.2524644551	168735.90005378186
2.38	247456.94142496554	252493.4460876122	254277.16574915277	249962.4653015502	151409.4307973071	85900.31097174858	97221.65715690749	189496.19167801604	181029.6269992991	148745.29179845372	194091.24098149952	184069.2906520158	266528.5685443105	166746.8716007301
2.4	243357.2656272425	247517.2436313008	249121.07712978203	245002.29342135685	145279.42776207454	79939.9533740888	91270.01199408874	184838.74301359124	178198.43811469217	145510.58922860998	190250.62831852486	180226.82240099116	263716.8792320443	163152.5561908827
2.41	241364.31735687645	245118.76911997618	246646.8781855694	242623.79424457203	142309.33285717655	76948.60258487838	88502.97589312233	182663.41621030358	176788.44640169435	143960.4120998569	188514.24236828508	178502.3833965284	262415.0192985334	161542.39906334376
2.43	237484.8741138122	240493.75025272006	241892.91439159072	238058.4846033446	136565.05812329284	71067.19057081413	86663.9673986592	178449.9276045031	174078.28325403362	140997.4389497817	185383.43847357415	175425.6957166641	260004.6208427153	158680.70864830146
2.44	235596.7303285925	238264.5331977312	239609.32334874265	235866.04803752393	133792.6340641209	68171.57019705234	86663.9673986592	176723.63421038655	172587.5023128007	139578.24831230755	183976.46068779688	174062.2311658636	258890.4453012884	157421.9353028879
2.46	231918.42687038105	233966.8873976736	235218.34486015313	231651.44937718488	128451.02832609811	62453.0082500839	86663.9673986592	173228.19573429134	169841.46899840454	136869.8634238341	181444.42102773878	171650.91929453428	256830.5204374969	156762.85361272466
2.47	230126.4135245879	231892.72061390575	233106.99778285457	229619.73045154446	125882.05865615337	59622.07382061241	86663.9673986592	171611.88048644928	168496.19386986896	135562.4959436253	180305.96629964595	170586.58310951968	255879.49608500613	156762.85361272466
2.49	226632.33078142424	227898.96272238102	229042.06112750305	225718.57506279962	120949.31764028195	58072.020200161554	86663.9673986592	168629.17768091205	165891.58215830155	133113.55867008047	178252.10205783148	168711.5510415138	254122.60406060718	156762.85361272466
2.5	224928.51282905042	225973.4767568436	227084.7775775973	223839.9786918998	118585.35492070507	58072.020200161554	86663.9673986592	167257.3905234867	164637.99070933013	131953.4539038387	177324.82183367282	167884.55084325018	253311.75758157065	156762.85361272466
2.52	221603.64207783397	222258.9148815325	223311.16558608058	220222.45221806565	114062.4747608672	58072.020200161554	86663.9673986592	164739.74579565073	162243.83879695166	129761.32765385891	175644.135018463	166419.5923781202	251813.582287802	156762.85361272466
2.54	218383.92931560296	218714.22994639358	219713.6871270584	216768.83524166924	109811.26609071206	58072.020200161554	86663.9673986592	162505.7574910783	160014.8322544398	127736.30682323391	174165.54148192998	165169.17785690085	250465.13435365853	156762.85361272466
2.55	216811.8759923337	217003.52951300898	217976.82539314404	215105.99559966233	107786.33240320648	58072.020200161554	86663.9673986592	161488.16004482648	158965.33524986776	126785.14499486015	173491.27400952444	164611.193365043	249840.9267249352	156762.85361272466
2.57	213739.70392484186	213693.285124875	214618.07159765466	211881.18745969556	103937.38981018281	58072.020200161554	86663.9673986592	159640.98376360105	157000.51533512806	125002.67782157664	172259.27644329827	163612.85531007382	248685.57359637087	156762.85361272466
2.59	210759.42381078957	210525.15362684533	211403.068210377	208794.15758918817	100351.75308114082	58072.020200161554	86663.9673986592	158026.80084571292	155213.97355859267	123374.21757315488	171160.2694949819	162745.0443140241	247639.63108672417	156762.85361272466
2.61	207866.13090615647	207488.36214762644	208320.10187246048	205833.97583308874	97024.75541695187	58072.020200161554	86663.9673986592	156626.4635303339	153602.2004852804	121892.9055419576	170173.14203116953	161983.16066696803	246688.88159013	156762.85361272466
2.63	205055.16244524432	204572.46606248798	205358.24335867888	202990.83800250967	93951.08448147564	58072.020200161554	86663.9673986592	155677.66307546216	152159.02960094746	120551.5889156362	169279.30816744413	161306.63979566787	245820.0868432021	156762.85361272466
2.65	202322.13450652434	201767.49869188454	202507.47577955644	200255.00721023185	91124.15324329512	58072.020200161554	86663.9673986592	155677.66307546216	150875.7564167079	119339.56089574836	168462.2529129152	160697.9148772119	245021.202393162	156762.85361272466
2.67	199662.43682322808	199064.24581127192	199758.45922138437	197617.84833953215	88537.28752768377	58072.020200161554	86663.9673986592	155677.66307546216	149742.84676642658	118249.1961491668	167707.3850922387	160141.5739133323	244280.94393063794	156762.85361272466
2.69	197072.04077354504	196456.67706045002	197102.63031712006	195078.79831855738	86182.64355710393	58072.020200161554	86663.9673986592	155677.66307546216	148752.4755855303	117290.6594791401	167001.71366558791	159626.1334422111	243589.4225458783	156762.85361272466
2.71	194546.81171618946	193931.4645486596	194531.7434305706	192615.7488537197	84051.24778570177	58072.020200161554	86663.9673986592	155677.66307546216	147889.15052251352	116416.67067648622	166333.2769906169	159136.6109453605	242936.85068302508	156762.85361272466
2.74	190872.02936676558	190286.36181780475	190818.72355899317	189062.0967073049	81254.72998344041	58072.020200161554	86663.9673986592	155677.66307546216	146813.61300296325	115281.13259024537	165378.89897607788	158433.1720281459	242013.521897712	156762.85361272466
2.76	188492.85687327659	187942.38278867034	188429.83535876017	186778.07853668893	79640.73702458688	58072.020200161554	86663.9673986592	155677.66307546216	146227.45972016192	114627.92306208157	164760.6355960101	157971.17194973605	241423.68902952818	156762.85361272466
2.79	185020.86356502952	184539.7435144964	184960.8359240144	183465.30553341797	77570.0665282382	58072.020200161554	86663.9673986592	155677.66307546216	145519.42119321655	113782.98013039699	163841.24196551726	157271.05936136143	240561.34057862175	156762.85361272466
2.81	182765.69658635772	182339.20485160835	182716.7039980217	181324.93775320653	76406.69930268706	58072.020200161554	86663.9673986592	155677.66307546216	145147.61789191305	113298.41889838621	163223.64194381703	156790.3936887605	239992.9601358764	156762.85361272466
2.84	179464.48469090063	179128.03473848975	179441.3500677104	178204.8397430932	75945.26753760932	58072.020200161554	86663.9673986592	155677.66307546216	144717.94522285645	112670.24404214582	162275.66925504743	156035.57380327905	239137.57974408183	156762.85361272466
2.87	176252.29572924314	176011.7913633202	176262.4547042022	175181.41878405228	75945.26753760932	58072.020200161554	86663.9673986592	155677.66307546216	144417.18864632456	112140.64331099499	161286.98882656833	155227.36996234374	238266.0988475967	156762.85361272466
2.89	174155.8682378665	173980.82800262282	174190.48214402495	173213.32926866933	75945.26753760932	58072.020200161554	86663.9673986592	155677.66307546216	144275.73357477615	111832.1384966039	160598.4393405776	154652.9379080805	237670.1557461166	156762.85361272466
2.92	171072.463170969	170996.09706414593	171145.71558527806	170324.40192480801	75945.26753760932	58072.020200161554	86663.9673986592	155677.66307546216	144134.84098115828	111421.4140089474	159512.6373413664	153730.75348684637	236746.05888720835	156762.85361272466
2.96	167049.5235049816	167106.52296098377	167175.63951566484	166572.9315117592	75945.26753760932	58072.020200161554	86663.9673986592	155677.66307546216	144075.2180837277	110945.73691018167	157952.00498909873	152377.14894994328	235444.61500207277	156762.85361272466
2.99	164112.16754951086	164262.4300710904	164275.39624981346	163828.9759513355	75945.26753760932	58072.020200161554	86663.9673986592	155677.66307546216	144075.2180837277	110623.45779082252	156688.06879748075	151262.9793609179	234408.07288037543	156762.85361272466
3.02	161227.75285509907	161467.07045611748	161425.70301830806	161135.2361309278	75945.26753760932	58072.020200161554	86663.9673986592	155677.66307546216	144075.2180837277	110317.25503315256	155339.11664936406	150060.93324708243	233314.32462795643	156762.85361272466
3.06	157456.00919690222	157806.72977723714	157695.5107614124	157611.70141303056	75945.26753760932	58072.020200161554	86663.9673986592	155677.66307546216	144075.2180837277	109916.30689218131	153403.0975564948	148321.12478267774	231760.87548916048	156762.85361272466
3.09	154676.69927366212	155105.0693812299	154943.14619167012	155013.95987610018	75945.26753760932	58072.020200161554	86663.9673986592	155677.66307546216	144075.2180837277	109610.76349368066	151846.40021719824	146914.10031352338	230521.34285279145	156762.85361272466
3.13	151030.6786788198	151554.64498574787	151327.78598041795	151602.43671906437	75945.26753760932	58072.020200161554	86663.9673986592	155677.66307546216	144054.87050808917	109181.10336739535	149631.6655679	144907.2079872992	228766.90865315602	156631.30373348002
3.17	147450.72044827096	148061.24296364622	147773.25226983943	148245.2146860309	75945.26753760932	58072.020200161554	86663.9673986592	155677.66307546216	143973.15055565166	108716.21246175659	147266.1974494998	142764.8006116509	226897.16324878263	156331.15928896132
3.22	143050.86189903907	143757.3976154851	143395.577490248	144113.80042029917	75945.26753760932	58072.020200161554	86663.9673986592	155677.66307546216	143743.0327098326	108067.4171185844	144090.83599218243	139894.20875238153	224388.99771020317	155724.03491377845
3.26	139589.99012819413	140362.22927661854	139946.58450417436	140848.85875309331	75945.26753760932	58072.020200161554	86663.9673986592	155677.66307546216	143432.88283693217	107490.29599976733	141402.7615726976	137483.99383327286	222259.67286795823	155069.1441737673
3.31	135332.85496213156	136177.3263271553	135697.71033250703	136824.22549087077	75945.26753760932	58072.020200161554	86663.9673986592	155677.66307546216	142970.4871094853	106685.27048198663	137872.9561090538	134350.298540988	219445.09880292992	154047.4953282331
3.36	131149.2308437012	132058.46928939832	131516.08517342046	132868.2563942518	75945.26753760932	58072.020200161554	86663.9673986592	155552.15799732663	142488.6543958921	105785.77404855294	134181.06868948913	131118.72804499723	216469.74522052117	152819.77695258948
3.42	126222.21923409349	127197.5356153314	126585.10043134502	128195.30279619806	75945.26753760932	58072.020200161554	86663.9673986592	155113.6808823852	141659.48334570642	104580.04918503048	129580.64471881841	127163.79490149734	212701.8600412113	151095.48935980027
3.48	121395.63360029325	122431.23455824987	121748.58673006418	123621.42139246047	75945.26753760932	58072.020200161554	86663.9673986592	154270.66698319942	140588.87642606083	103237.24380865166	124844.6047411729	123177.71902137625	208738.24552239847	149127.54053892946
3.54	116665.6618237637	117748.67727135571	117004.99203074173	119110.44642687225	75945.26753760932	58072.020200161554	86663.9673986592	152841.5873239538	139391.9023452477	101765.4121573975	120021.47289973464	119203.2353306605	204600.4050575256	146946.68001658074
3.61	111275.8423857648	112404.31032887739	111595.59051914338	113952.80785046097	75945.26753760932	58072.020200161554	86663.9673986592	150045.26307625606	138112.227450224	99899.01666909507	114339.39181196473	114620.67926948336	199582.23816642692	144171.9049716009
3.68	106029.29137113296	107188.05343182466	106326.65669326585	108891.73228853599	75899.62011207057	58072.020200161554	86663.9673986592	145917.47750562994	137066.3284385794	97889.82254256021	108647.89664353617	110127.9455236214	194391.58209521338	141190.35944408
3.76	100209.45844902494	101406.36909568043	100479.85913922616	103301.44959493527	75625.47517179209	58072.020200161554	86663.9673986592	140079.54288478786	135865.7950867832	95446.34092119594	102206.70289253278	105135.85749049888	188299.12782354536	137581.48181563566
3.85	93892.94233374589	95117.21767943523	94133.17044742143	97185.8549938723	75044.84352608667	58072.020200161554	86663.9673986592	132665.95553878136	134202.75191664265	92550.9486513158	95092.79755395968	99746.61842916548	181275.88767864587	133332.78061598146
3.95	87168.70030816982	88415.1515008928	87376.4374966482	90648.9626740862	74086.72005866795	58072.020200161554	86663.9673986592	123814.39730491013	131803.82674256896	89206.58619222879	87526.83692441591	94110.00380837645	173350.9690048336	128449.6230873203
4.05	80760.80728007345	82021.51099241822	80938.07462636662	84391.58793773594	72829.60292290438	58072.020200161554	86642.72027707347	114633.06692798377	128763.340621457	85782.79726071328	80162.2816857594	89052.34838214466	165357.14124341446	123473.3729027299
4.17	73494.39107106655	74764.34551094468	73638.85927171454	77262.60719219112	70973.9030376879	58072.020200161554	86019.82249934027	103565.54367303582	124294.15154187212	81645.06388134648	72822.99346261723	83252.17266566119	155767.6891052408	117449.06339623976
4.31	65597.12815275826	66869.46399598104	65708.75205366501	69474.85735829317	68405.56022960933	58072.020200161554	84413.74381428817	91168.38149762359	118125.85444750088	76886.6494297278	65441.38072415381	77422.11620116484	144705.02285413168	110533.67833533486
4.46	57818.25744400387	59085.96586611341	57900.99129373996	61763.53048724113	65267.37998240518	57982.16617090966	81586.58859857204	79281.82600670826	110718.25107757107	71956.25372553535	59206.41091297605	71975.51654357354	133111.38903647853	103287.58639427718
4.64	49424.27576407996	50667.45329611943	49477.85984136623	53362.20156685834	61116.21625729235	56953.099007393575	76819.75912192826	67757.4096782306	101291.86230158817	66380.53584568709	53573.53429305272	66300.10696775693	119698.89858822218	94955.64997670313
4.85	40770.3229780964	41988.813266653444	40803.07202696714	44665.099810624786	55960.59948473395	54751.31761749714	70040.74216667602	58045.460650797075	90228.55414648156	60431.31426409489	48708.93221776318	60557.111797983685	104897.83754550276	85837.06821385298
5.11	31600.440583785236	32792.051104797814	31613.46137487932	35426.710468590194	49395.09888933243	50969.77192623332	61146.09780558484	49867.40950496946	77191.70897442293	53896.906102046894	44077.13284236857	54351.39814565885	88045.13010981068	75504.12807020618
5.43	22383.788210042654	23554.59953719202	22379.917153177026	26121.384412424268	41495.561319233704	45341.830203164856	50886.57263420131	42812.69985463448	62849.87189624494	46946.97097700249	39274.793631501554	47566.97061699349	69834.71631871314	64206.54074504454
5.85	13238.09242096722	14363.261951232702	13215.711983901425	16747.481499211855	32025.302920711092	37359.25290645818	39559.62625999226	35500.34336105088	47357.19125198696	39143.12994334914	33430.95273220678	39345.50696331091	50614.225183793584	51589.58975995721
6.44	2884.023897804518	4743.706449132631	2792.444794199905	7512.481578717902	21082.4914708984	26922.653031309772	27421.67151185028	26395.432531097562	31546.01497504231	29685.305242178474	25551.7640416363	28712.026293292864	32140.826004408544	37444.32946768624
7.37	0.0	0.0	0.0	0.0	9309.440110371414	14688.008766494948	14602.225686608312	14838.80105972926	16337.942096656468	17554.35319702367	15009.738365428911	15796.44988940844	16075.840913102442	21580.051925120708
9.28	0.0	0.0	0.0	0.0	0.0	0.0	0.0	0.0	0.0	0.0	0.0	0.0	0.0	0.0
