States	4A1_2A1	2B1_4A1	5B1_2A1	5B1_2B1	6B1_2A1	6B1_2B1	2B2_4A1	5B2_2A1	5B2_2B2	6B2_2A1	6B2_2B2	5A2_2B1	5A2_2B2	6A2_2B1	6A2_2B2
Frequency	11605.190736999997	11589.498300899999	11614.584251199994	11598.891815099996	11620.057948400005	11604.365512300006	11589.498300899999	11614.584251199994	11598.891815099996	11620.057948400005	11604.365512300006	11588.4667701	11588.4667701	11606.461495099997	11606.461495099997
Intensity	2.050663555935918e-39	7.527515600529965e-30	7.160071102192453e-30	1.0893955952275147e-29	1.8626062519511363e-33	2.632799259627667e-32	7.527758816397465e-30	7.159967280513897e-30	1.0893628547822646e-29	1.8679195834260985e-33	2.6328557752785934e-32	5.7253266719318535e-30	5.725383851164461e-30	2.334445656289324e-30	2.334503545686207e-30
300 Broad	1.4837221941678244e-10	1.470724687422111e-10	1.2673947081156516e-10	1.2806175806080684e-10	2.3186683720351145e-10	2.3073584591362615e-10	1.4707332809136768e-10	1.267395374236758e-10	1.2806135789604934e-10	2.318670270296895e-10	2.3073641793549926e-10	1.986555909529171e-10	1.986565948784659e-10	1.9011316987538117e-10	1.901132564128795e-10
300 Shift	8.719234000276881e-11	8.495443169141469e-11	3.4013823993762206e-12	2.855254743586909e-12	7.619831668560696e-11	7.875452420158941e-11	8.495511209333543e-11	3.4014352861448498e-12	2.8556524479156006e-12	7.619801077480397e-11	7.875374974385049e-11	1.0853777818527348e-10	1.0853772819322884e-10	2.7278912567826226e-11	2.7278718022995942e-11
350 Broad	1.5235570370988093e-10	1.512281164854796e-10	1.3496557886128477e-10	1.364214444617403e-10	2.441678932589066e-10	2.423283288091828e-10	1.5122892704458735e-10	1.3496562950810022e-10	1.3642099910643467e-10	2.4416809258661427e-10	2.423291518472457e-10	2.0286069751241062e-10	2.028617027074902e-10	2.0412550352920352e-10	2.041256142120001e-10
350 Shift	9.000224020904965e-11	8.74526183084497e-11	8.379217510121511e-13	2.928206499546649e-13	8.920193499616425e-11	9.164049977999827e-11	8.745337759267519e-11	8.379571602116942e-13	2.9324125882286334e-13	8.920161050040012e-11	9.163973010174645e-11	1.1655017912355776e-10	1.1655024921988772e-10	2.9079491447086198e-11	2.9079296938662877e-11
400 Broad	1.5606801625706222e-10	1.5511826445368278e-10	1.4253400447927153e-10	1.4411308359911452e-10	2.540995380031097e-10	2.516475502073144e-10	1.5511901738528085e-10	1.4253403584105293e-10	1.4411259532354677e-10	2.5409975077102224e-10	2.5164859178468454e-10	2.0637553276345896e-10	2.0637652308211322e-10	2.1775083015535093e-10	2.1775095186868945e-10
400 Shift	9.203757987630911e-11	8.923152891924723e-11	-1.6100920930592887e-12	-2.1559899949631526e-12	1.0122686279144713e-10	1.0344241545636748e-10	8.923235992919509e-11	-1.6100662707967125e-12	-2.1555492719280156e-12	1.0122656206413117e-10	1.0344169537479392e-10	1.2303651521285452e-10	1.230367046550663e-10	3.055294358859356e-11	3.055274661062796e-11
450 Broad	1.595798246741136e-10	1.5880844743030797e-10	1.4956799629941432e-10	1.5125973086668633e-10	2.6223930800600404e-10	2.592644235433084e-10	1.5880914025382442e-10	1.4956800919541846e-10	1.5125920214305592e-10	2.622395519829749e-10	2.5926566544283264e-10	2.0943715691788186e-10	2.0943812505249366e-10	2.3112759479699043e-10	2.3112772038464422e-10
450 Shift	9.351578778872029e-11	9.04947083408575e-11	-3.9561540395766565e-12	-4.504047564990751e-12	1.1228139547406431e-10	1.1420839400260588e-10	9.049560735413485e-11	-3.956126007503271e-12	-4.503584451019485e-12	1.1228114977641276e-10	1.1420776048383786e-10	1.2836572858601994e-10	1.2836603443903274e-10	3.200851700615842e-11	3.200831306314075e-11
500 Broad	1.62932967435055e-10	1.6233781718149173e-10	1.5615706685580598e-10	1.5795139443957306e-10	2.690027448595528e-10	2.655841522323889e-10	1.6233845115097483e-10	1.561570687361513e-10	1.579508310092708e-10	2.6900304513371666e-10	2.6558558892038445e-10	2.1218705444768094e-10	2.1218799801003868e-10	2.4427860534136425e-10	2.44278731939027e-10
500 Shift	9.458070539030427e-11	9.137611794634808e-11	-6.2138530899855675e-12	-6.762862594838149e-12	1.2242405560425308e-10	1.2402330778579848e-10	9.137708258675955e-11	-6.21381206008285e-12	-6.762373566105748e-12	1.2242387933338165e-10	1.2402278350034776e-10	1.3279723575674578e-10	1.3279765358376083e-10	3.363824645685756e-11	3.363803110893853e-11
550 Broad	1.6615418262129242e-10	1.6573158537401171e-10	1.6236703003724847e-10	1.6425574472575644e-10	2.7469312382858737e-10	2.708992860451291e-10	1.6573216381810822e-10	1.623670332361637e-10	1.6425515506466878e-10	2.746935052642869e-10	2.709009187517064e-10	2.1471366218405793e-10	2.1471458145595617e-10	2.571796937652401e-10	2.571798213344446e-10
550 Shift	9.533144317361896e-11	9.196772814756527e-11	-8.395280443345787e-12	-8.942338893246254e-12	1.317306604049333e-10	1.3298053652060273e-10	9.196875643165071e-11	-8.395220869932462e-12	-8.941822530703205e-12	1.3173055154786928e-10	1.329801284772141e-10	1.365184880146224e-10	1.365190124460117e-10	3.5548994923622864e-11	3.554876458454535e-11
600 Broad	1.6926146482063822e-10	1.690068001238816e-10	1.6824676986727972e-10	1.7022450842499402e-10	2.79534857093338e-10	2.7542443242429443e-10	1.6900732741806092e-10	1.6824678804369736e-10	1.7022390172169686e-10	2.7953533897452933e-10	2.7542626350658616e-10	2.170741088184552e-10	2.1707500546030065e-10	2.6979200527476225e-10	2.6979213550251765e-10
600 Shift	9.583845063889489e-11	9.233480665129044e-11	-1.0509986049249304e-11	-1.1050774779177351e-11	1.40279256340562e-10	1.411699729552787e-10	9.233589658124147e-11	-1.0509909460928535e-11	-1.1050233331215857e-11	1.4027920020568198e-10	1.4116967456302958e-10	1.3966808505596564e-10	1.3966871021044978e-10	3.7790149707369435e-11	3.7789901843619774e-11
650 Broad	1.7226711224674886e-10	1.721751402996516e-10	1.7383294954906618e-10	1.7589743262397054e-10	2.8369593385030327e-10	2.7931912193677447e-10	1.7217562123916924e-10	1.7383299423337398e-10	1.7589681674525406e-10	2.8369652718853455e-10	2.793211510434745e-10	2.1930593893841592e-10	2.193068152464741e-10	2.8207610489795387e-10	2.8207624042629453e-10
650 Shift	9.61530185281364e-11	9.252490352691383e-11	-1.2564651792413796e-11	-1.3094912388650713e-11	1.4814343720836158e-10	1.4867327526398776e-10	9.252605294141286e-11	-1.2564566426288405e-11	-1.3094351781296556e-11	1.4814341108969047e-10	1.486730698980946e-10	1.4235047120600496e-10	1.4235119098486327e-10	4.0373814272729535e-11	4.0373547342428764e-11
700 Broad	1.751792606525002e-10	1.7524434205333704e-10	1.7915325507469422e-10	1.813048881560662e-10	2.8730321495697284e-10	2.8270312803659086e-10	1.752447814772091e-10	1.7915333325197778e-10	1.8130426824378472e-10	2.87303921902164e-10	2.8270535013742966e-10	2.2143375943772721e-10	2.2143461791856156e-10	2.9399732321062857e-10	2.939974671182058e-10
700 Shift	9.631320044845888e-11	9.257339973032074e-11	-1.456329652766362e-11	-1.50799985548529e-11	1.553896683793795e-10	1.5556241052420748e-10	9.257460627366708e-11	-1.456321564612557e-11	-1.5079427510250574e-11	1.553896458317753e-10	1.5556227528097338e-10	1.4464558137579564e-10	1.4464638966082476e-10	4.3288582857259635e-11	4.328829615385326e-11
750 Broad	1.780027526596917e-10	1.7821901751059693e-10	1.8422861667938437e-10	1.8646972552349337e-10	2.904530838394733e-10	2.856669718252806e-10	1.7821942008255385e-10	1.8422872959988167e-10	1.8646910333373192e-10	2.904538984295116e-10	2.856693766642494e-10	2.2347322344748368e-10	2.234740665781471e-10	3.055271151832878e-10	3.0552727064704613e-10
750 Shift	9.634767156483818e-11	9.250708063368892e-11	-1.6507757200246633e-11	-1.7009872938128676e-11	1.620765512118728e-10	1.6189970639030174e-10	9.250834177590948e-11	-1.6507696937288402e-11	-1.700930177765523e-11	1.6207650538963685e-10	1.6189961534857533e-10	1.466153697900799e-10	1.4661626057261595e-10	4.650868501453373e-11	4.6508378491258925e-11
800 Broad	1.807397437739407e-10	1.811012279979373e-10	1.890747625863839e-10	1.914087226321994e-10	2.932190482274064e-10	2.88279321621319e-10	1.8110159808565712e-10	1.8907490561091963e-10	1.9140809648358915e-10	2.932199578302827e-10	2.8828189408337896e-10	2.2543358269383915e-10	2.2543441279210464e-10	3.1664279390233556e-10	3.166429639838457e-10
800 Shift	9.627833626414417e-11	9.234652199029945e-11	-1.8398250872194535e-11	-1.888709767120127e-11	1.6825502930312244e-10	1.6773858333808208e-10	9.234783506610182e-11	-1.839822818141162e-11	-1.8886537166876105e-11	1.6825493526770137e-10	1.677385100775847e-10	1.4830836114742453e-10	1.4830932860940909e-10	5.000001521282076e-11	4.9999689320097006e-11
850 Broad	1.833902200703638e-10	1.8389097307849578e-10	1.9370336133831326e-10	1.961337977223236e-10	2.956572999411879e-10	2.905923513591655e-10	1.8389131469430596e-10	1.937035244995322e-10	1.9613316285252744e-10	2.9565828693682717e-10	2.905950723301842e-10	2.2731944626084962e-10	2.2732026542107703e-10	3.273267550246166e-10	3.2732694254130136e-10
850 Shift	9.612214146699004e-11	9.210773277409507e-11	-2.0233904411610843e-11	-2.0713127654410436e-11	1.7396903821517092e-10	1.731245675281684e-10	9.210909502570426e-11	-2.023393541026421e-11	-2.0712588105007603e-11	1.7396887433463326e-10	1.7312448689722232e-10	1.4976291125728718e-10	1.4976394981955673e-10	5.37241282957449e-11	5.372378384278955e-11
900 Broad	1.8595248819863202e-10	1.8658665331921316e-10	1.9812291579296066e-10	2.0065306520653922e-10	2.9781086966239453e-10	2.926457195761423e-10	1.86586970098976e-10	1.9812308476382169e-10	2.0065241435178767e-10	2.978119130857835e-10	2.9264856699921803e-10	2.291320757078426e-10	2.291328857759677e-10	3.3756567262266603e-10	3.3756588007627624e-10
900 Shift	9.589236525450244e-11	9.180331596398084e-11	-2.201320088432178e-11	-2.2488508884595897e-11	1.7925633920613524e-10	1.780963814296403e-10	9.180472458130621e-11	-2.2013299687328386e-11	-2.2487999468325678e-11	1.7925608784485026e-10	1.780962706662964e-10	1.510095997199896e-10	1.5101070406846995e-10	5.764091387903363e-11	5.764055192152731e-11
950 Broad	1.8842364512440844e-10	1.8918551512582267e-10	2.023395000805447e-10	2.0497176227584138e-10	2.9971278390992246e-10	2.944695837977745e-10	1.891858103311492e-10	2.0233965730746138e-10	2.0497108633314718e-10	2.9971386090676916e-10	2.9447253373805495e-10	2.308703854407833e-10	2.3087118801234188e-10	3.473498347043138e-10	3.473500642476815e-10
950 Shift	9.559954748229119e-11	9.144330622026981e-11	-2.373432919065554e-11	-2.4213087585084733e-11	1.8414939635027777e-10	1.8268700524666496e-10	9.144475837591837e-11	-2.373450721037707e-11	-2.4212615972048172e-11	1.8414904404993557e-10	1.8268684459256676e-10	1.5207302019997234e-10	1.5207418529718444e-10	6.171040184246346e-11	6.171002359412624e-11
1000 Broad	1.9080001509621798e-10	1.916840664868101e-10	2.0635738435299332e-10	2.0909305254597328e-10	3.0138849044212057e-10	2.9608691551861946e-10	1.916843430210617e-10	2.063575101869767e-10	2.0909234122461632e-10	3.0138957747447823e-10	2.9608994313048896e-10	2.3253173479149734e-10	2.325325312228048e-10	3.5667264430053816e-10	3.566728977296252e-10
1000 Shift	9.525216972331172e-11	9.103578454484024e-11	-2.5395442521297306e-11	-2.5886213856424567e-11	1.8867621954824265e-10	1.8692465283905237e-10	9.10372774234084e-11	-2.5395708153329906e-11	-2.588578603382604e-11	1.886757568724843e-10	1.8692442578191706e-10	1.5297313956071813e-10	1.5297436064767937e-10	6.589398138825584e-11	6.589358815283923e-11
