States	5A1_2A1	6A1_2A1	2B1_5A1	2B1_6A1	7B1_2A1	7B1_2B1	2B2_5A1	2B2_6A1	7B2_2A1	7B2_2B2	7A2_2B1	7A2_2B2
Frequency	11764.136458752284	11770.927003801815	11748.43743846535	11755.22798351488	11771.27377371784	11755.574753430905	11748.439633213391	11755.230178262922	11771.271578969798	11755.574753430905	11756.12124526895	11756.123440016992
Intensity	17272916.233215675	0.00018348050670145878	4422059.220836481	12787979.963337673	13210549.722291714	12986365.57127159	4422176.836179747	12787876.555572378	13210552.906964136	12986375.380247038	12773061.031948516	12773065.072545825
300 Broad	1.8428998980691461e-10	2.615996505425993e-10	1.8058594317506808e-10	2.617692764141168e-10	2.2925557109500102e-10	2.2952963176444872e-10	1.8051852236622747e-10	2.6172076540283044e-10	2.2933240490549178e-10	2.2956817169595058e-10	2.3380467628170364e-10	2.3372937375289834e-10
300 Shift	1.3904625699127997e-10	1.1223331486642615e-10	1.373913081651327e-10	1.1656206154210577e-10	8.29054272363565e-11	8.308673108533871e-11	1.3688278330399622e-10	1.1608754873148211e-10	8.38443364939109e-11	8.353330111127274e-11	1.6900468443692101e-10	1.685285020094779e-10
350 Broad	1.8646759062077366e-10	2.7770996425426686e-10	1.8287313403804865e-10	2.770309146422509e-10	2.441324762214278e-10	2.448901804381927e-10	1.828066847236983e-10	2.7698042417443383e-10	2.4420789694660104e-10	2.449286470965462e-10	2.3903565523811605e-10	2.3895850371637986e-10
350 Shift	1.459401075930355e-10	1.2617979132254345e-10	1.4364748598963478e-10	1.3092713562079157e-10	8.700447011283386e-11	8.730011087080751e-11	1.4313291561353044e-10	1.3045161079699088e-10	8.794723072314561e-11	8.774846277945542e-11	1.824058222772843e-10	1.8192445690286052e-10
400 Broad	1.8833109653374488e-10	2.9114101312954985e-10	1.848872248706053e-10	2.896225292949822e-10	2.5861576664808343e-10	2.598148457865974e-10	1.8482198141979288e-10	2.8956997518827955e-10	2.586898626502101e-10	2.598532881533473e-10	2.4293355867170313e-10	2.428550552954373e-10
400 Shift	1.513923022077433e-10	1.3972919254018866e-10	1.485494382305445e-10	1.4468343027037268e-10	9.088997791048546e-11	9.146600680894977e-11	1.480297926733865e-10	1.4420659505534905e-10	9.183563201323662e-11	9.191586520581168e-11	1.9402529069766572e-10	1.9353913978938258e-10
450 Broad	1.90015821807817e-10	3.024040308630212e-10	1.867450625768556e-10	3.0009121927489115e-10	2.727224157458927e-10	2.742754044037209e-10	1.8668113173280004e-10	3.0003665961758726e-10	2.727953855984115e-10	2.743138671022403e-10	2.458959764333543e-10	2.458165121391462e-10
450 Shift	1.5578078024427136e-10	1.527041524466085e-10	1.5245949766472495e-10	1.5770263904672432e-10	9.486024993889186e-11	9.582686992422653e-11	1.5193552646309175e-10	1.5722426388024555e-10	9.580808542939734e-11	9.627803859790179e-11	2.0418871799555209e-10	2.0369814974186848e-10
500 Broad	1.9159496932505256e-10	3.119100274987016e-10	1.885092935576252e-10	3.0886252041457425e-10	2.8641736127849905e-10	2.8821904814706613e-10	1.8844671212129913e-10	3.08806081223514e-10	2.8648944597177904e-10	2.882575687804781e-10	2.481865108705681e-10	2.4810639219971906e-10
500 Shift	1.5936093109228927e-10	1.6502763856961817e-10	1.5562034105762175e-10	1.6994666273159763e-10	9.906500818754123e-11	1.0048785981691739e-10	1.550926350731688e-10	1.6946658530531745e-10	1.0001450585157601e-10	1.0094019567505543e-10	2.131496473068676e-10	2.1265499865944732e-10
550 Broad	1.9310941086576828e-10	3.1998556313365983e-10	1.902145569644268e-10	3.162661420772334e-10	2.9965727105246694e-10	3.016009689965933e-10	1.901533226358428e-10	3.1620797775784385e-10	2.9972871562099274e-10	3.016395775933346e-10	2.499853578889786e-10	2.499048256072274e-10
550 Shift	1.6231169360802073e-10	1.7667832964403932e-10	1.5820076863313786e-10	1.8142470989559282e-10	1.0356369360092135e-10	1.0547623711775893e-10	1.5766980245552664e-10	1.809428240002907e-10	1.0451447952021993e-10	1.0592963292362448e-10	2.211069281748672e-10	2.20608505528008e-10
600 Broad	1.945820925346292e-10	3.268892183128757e-10	1.9188005835594032e-10	3.225583008984922e-10	3.1240569798000394e-10	3.1439222590643447e-10	1.9182014692983684e-10	3.2249857335756753e-10	3.1247673159807774e-10	3.1443094533035127e-10	2.5141874076571046e-10	2.513379846735607e-10
600 Shift	1.6476217904896194e-10	1.876645770560501e-10	1.603218173774497e-10	1.9216927691880634e-10	1.0836341745908572e-10	1.1077693154687282e-10	1.5978797919185495e-10	1.916855208731737e-10	1.0931522404856081e-10	1.1123130404005242e-10	2.282176259791771e-10	2.2771570774810514e-10
650 Broad	1.9602538245649847e-10	3.3282562483564653e-10	1.9351590195563848e-10	3.2793903975628935e-10	3.2463665219442077e-10	3.2657872219959987e-10	1.9345727722326863e-10	3.278779076422444e-10	3.247074790619305e-10	3.266175689251721e-10	2.525766152440954e-10	2.524957856639425e-10
650 Shift	1.668077889432754e-10	1.9800948608541242e-10	1.620724102695322e-10	2.0222271915863856e-10	1.134423051958685e-10	1.1635312436222563e-10	1.6153602366146018e-10	2.0173706641430617e-10	1.1439494032312924e-10	1.1680840570951563e-10	2.3460652395627323e-10	2.34101364278959e-10
700 Broad	1.9744501071876484e-10	3.379567404524989e-10	1.951264316651292e-10	3.3256521329836034e-10	3.363338569358108e-10	3.3815765995960005e-10	1.9506905125399752e-10	3.3250282679034844e-10	3.3640465317168404e-10	3.381966449237292e-10	2.535237024286879e-10	2.5344291904402394e-10
700 Shift	1.6852037467335167e-10	2.0774247262705386e-10	1.6351915048044936e-10	2.1162983068462052e-10	1.1876338965559688e-10	1.2215791114462135e-10	1.6298049089606046e-10	2.1114228295412538e-10	1.1971671235849107e-10	1.2261404250693117e-10	2.403731926403199e-10	2.3986502562849833e-10
750 Broad	1.9884231286157282e-10	3.4241076900641105e-10	1.9671211083098893e-10	3.3656020102705907e-10	3.4748874343493964e-10	3.4913390437942603e-10	1.96655929703951e-10	3.364966996645293e-10	3.475596571586195e-10	3.4917303378469763e-10	2.5430664294273313e-10	2.5422600159357346e-10
750 Shift	1.6995487867276205e-10	2.1689458374881006e-10	1.6471269569695346e-10	2.2043389631193408e-10	1.2428271122595338e-10	1.2814081072271362e-10	1.641720031800067e-10	2.1994447882451446e-10	1.252366126569154e-10	1.2859773726083277e-10	2.4559734865863724e-10	2.450863927653603e-10
800 Broad	2.0021561347204458e-10	3.4628921686345394e-10	1.98270685288564e-10	3.4002125630945233e-10	3.580984097713868e-10	3.5951706031945e-10	1.9821565785495013e-10	3.399567684637196e-10	3.5816956276724404e-10	3.595563363456486e-10	2.5495884146317907e-10	2.548784193790161e-10
800 Shift	1.7115382718816662e-10	2.2549602322360854e-10	1.6569205814963065e-10	2.2867477956123e-10	1.299539885214078e-10	1.3425135984800022e-10	1.6514954731642703e-10	2.2818353786751642e-10	1.309083770914365e-10	1.3470902681398875e-10	2.503430010995823e-10	2.4982946327108e-10
850 Broad	2.01561164173339e-10	3.496725005413359e-10	1.9979799100883577e-10	3.430251563118639e-10	3.681639656581741e-10	3.693193999034311e-10	1.9974407239236718e-10	3.429597995109191e-10	3.682354557360628e-10	3.693588213223129e-10	2.555038913062546e-10	2.554237511447477e-10
850 Shift	1.721504695396404e-10	2.3357497557098834e-10	1.6648760123975129e-10	2.3638820515994686e-10	1.35731305402394e-10	1.404410863880429e-10	1.659434690783472e-10	2.358952029389745e-10	1.366860953903703e-10	1.408994361223695e-10	2.5466171831531313e-10	2.5414579768562087e-10
900 Broad	2.0287383813209906e-10	3.526244224686068e-10	2.012885751086274e-10	3.456326109538956e-10	3.7768933879088417e-10	3.785545306514584e-10	2.012357218927479e-10	3.4556649261425346e-10	3.7776124236825184e-10	3.785940933552178e-10	2.559580876398552e-10	2.558782806096214e-10
900 Shift	1.729710366587887e-10	2.4115718806360034e-10	1.6712318787830283e-10	2.43605726141091e-10	1.4157066285180773e-10	1.466645863783085e-10	1.665776197591955e-10	2.431110435737843e-10	1.425257659303212e-10	1.4712355610923102e-10	2.5859523528347065e-10	2.5807712625967336e-10
950 Broad	2.0414767615056995e-10	3.5519575086948673e-10	2.027362034207706e-10	3.4789174128337395e-10	3.8668048172059055e-10	3.872366233758863e-10	2.0268437406506287e-10	3.4782495959893265e-10	3.8675285638225885e-10	3.8727632083387393e-10	2.5633232428314217e-10	2.5625289256127897e-10
950 Shift	1.7363640640381126e-10	2.4826598002997743e-10	1.6761775683468612e-10	2.5035505910267976e-10	1.4743087718489507e-10	1.528801006064223e-10	1.670709310215487e-10	2.498587915028826e-10	1.4838619641379464e-10	1.5333962097027146e-10	2.6217754900485603e-10	2.6165744367370134e-10
1000 Broad	2.053763272002104e-10	3.574270811950634e-10	2.0413428312199556e-10	3.498408403995892e-10	3.9514487841068915e-10	3.95380023849896e-10	2.0408343816947534e-10	3.497734852512411e-10	3.9521776532848043e-10	3.954198475072081e-10	2.566335501266048e-10	2.5655452873129837e-10
1000 Shift	1.7416335491124282e-10	2.5492247428079566e-10	1.6798649988297685e-10	2.5666059027184026e-10	1.5327409096060482e-10	1.5904980142009897e-10	1.674385907846313e-10	2.5616284678030943e-10	1.5422951685067957e-10	1.5950979561897896e-10	2.654366045285434e-10	2.649146943840802e-10
