States	4A1_1A1	1B1_4A1	5B1_1A1	5B1_1B1	6B1_1A1	6B1_1B1	1B2_4A1	5B2_1A1	5B2_1B2	6B2_1A1	6B2_1B2	1A2_5B1	1A2_6B1	1A2_5B2	1A2_6B2	2A2_5B1	2A2_6B1	2A2_5B2	2A2_6B2	5A2_1B1	5A2_1B2	5A2_1A2	5A2_2A2	6A2_1B1	6A2_1B2	6A2_1A2	6A2_2A2
Frequency	2290069741737196.0	2290069741737196.0	2290069741737196.0	2290069741737196.0	2290069741737196.0	2290069741737196.0	2290069741737196.0	2290069741737196.0	2290069741737196.0	2290069741737196.0	2290069741737196.0	2290069741737196.0	2290069741737196.0	2290069741737196.0	2290069741737196.0	2290069741737196.0	2290069741737196.0	2290069741737196.0	2290069741737196.0	2290069741737196.0	2290069741737196.0	2290069741737196.0	2290069741737196.0	2290069741737196.0	2290069741737196.0	2290069741737196.0	2290069741737196.0
Intensity	15046545.409270056	13368428.108325977	390016.51187369926	21168923.501501642	21705747.41141157	186450.20877540525	13368440.528817592	390007.12018669734	21168921.920980196	21705758.08098808	186457.34522158874	2127874.748106818	19864863.054628484	2128505.957680451	19864675.24435689	18063000.10708442	141908.11359768917	18062383.191039633	142078.08900662872	13468044.870915657	13467928.048578026	14875977.078422667	0.011577296714124332	8527109.49381044	8527227.304829676	0.017345270445135164	24808680.765557297
300 Broad	6.447487784210516e-10	9.284144306159705e-10	6.665115543654195e-10	9.418538655032037e-10	7.743256552268236e-10	1.0080243952271746e-09	9.28413090314458e-10	6.665095478618933e-10	9.418487554828885e-10	7.743256435941766e-10	1.008019783887233e-09	9.411351472476008e-10	1.0059736455417042e-09	9.411334724887863e-10	1.00596578840193e-09	8.148238367331989e-10	8.97371491322745e-10	8.148222039992975e-10	8.973688782304336e-10	9.253686699200073e-10	9.253652777904513e-10	9.234731286372851e-10	7.922248803293609e-10	9.220993108527832e-10	9.220985275385045e-10	9.200982853758323e-10	7.880186740012439e-10
300 Shift	4.075812845060997e-10	5.019258994219786e-10	4.1799661035562294e-10	5.058372963372366e-10	4.589502179656537e-10	5.164945964687303e-10	5.019249084656959e-10	4.1799672648648336e-10	5.05835900631563e-10	4.589503048662653e-10	5.16491620005904e-10	5.050917849764838e-10	5.159316088677043e-10	5.050919231448847e-10	5.159394466692389e-10	4.748169523058907e-10	4.957753201862405e-10	4.74815950195789e-10	4.957728404743465e-10	5.015244868193298e-10	5.01524217353753e-10	5.006611258612838e-10	4.684052044955348e-10	5.008850484726533e-10	5.008837352748456e-10	5.001855647168783e-10	4.665088035498759e-10
350 Broad	6.745682310342592e-10	9.725685779820697e-10	6.974715269634166e-10	9.867304417280887e-10	8.104944502595114e-10	1.0565749277149837e-09	9.725670004627362e-10	6.974694504180157e-10	9.86725218287516e-10	8.10494325969515e-10	1.0565703556328753e-09	9.858578762344249e-10	1.0542456577941087e-09	9.858561403297369e-10	1.054237876597408e-09	8.528216058811724e-10	9.395473504604351e-10	8.528198385502869e-10	9.395442642512966e-10	9.692835482586782e-10	9.69280155408874e-10	9.67343104969378e-10	8.291024827050782e-10	9.658551034706705e-10	9.658540380478876e-10	9.638210576003086e-10	8.247010795302336e-10
350 Shift	4.309310531209624e-10	5.355732228493685e-10	4.4214637494869986e-10	5.398659345971697e-10	4.869659459276341e-10	5.529432251406171e-10	5.355721520505795e-10	4.421463744764787e-10	5.398643779476213e-10	4.869659447639438e-10	5.529403109562219e-10	5.391007163740104e-10	5.522457059423063e-10	5.391007696976029e-10	5.522538708381012e-10	5.043561709612485e-10	5.282301168513068e-10	5.043551094189474e-10	5.282279412582944e-10	5.349975804993967e-10	5.349971877686141e-10	5.341313969849688e-10	4.973831047948662e-10	5.341959982706699e-10	5.341946588024298e-10	5.334699363506996e-10	4.952613763608255e-10
400 Broad	7.014415352867465e-10	1.0123250885789488e-09	7.253764608352825e-10	1.0271367479615195e-09	8.430800239757658e-10	1.100264265519327e-09	1.0123233050734923e-09	7.253742977172019e-10	1.0271313965723139e-09	8.430797845909388e-10	1.1002597642521596e-09	1.026123166663996e-09	1.097691646090179e-09	1.026121372174211e-09	1.0976839597209998e-09	8.870081639655353e-10	9.775033562508428e-10	8.870062668892079e-10	9.77499892972199e-10	1.0088256070316812e-09	1.0088221966113003e-09	1.0068414629594941e-09	8.622960062338154e-10	1.0052546326144784e-09	1.005253321229152e-09	1.0031864896414156e-09	8.577145930695875e-10
400 Shift	4.520408223881623e-10	5.66028807295877e-10	4.6398785381757057e-10	5.706625339697661e-10	5.123076713206059e-10	5.859566113138768e-10	5.660276742139693e-10	4.6398773397649237e-10	5.706608060996417e-10	5.123075888996944e-10	5.859537319133651e-10	5.698900033027846e-10	5.851365415167002e-10	5.698899770423046e-10	5.851449705236416e-10	5.31073918110819e-10	5.576123331310991e-10	5.310728056606252e-10	5.576104326409261e-10	5.652995710982456e-10	5.652990719074537e-10	5.644292090051003e-10	5.2361157971046e-10	5.643471931914924e-10	5.643458279292713e-10	5.635983562044809e-10	5.212699478887769e-10
450 Broad	7.259817990486939e-10	1.048602340362233e-09	7.508592495789642e-10	1.0640027738171792e-09	8.728284592101847e-10	1.1401077595132775e-09	1.0486003751920525e-09	7.508569920720371e-10	1.063997268735099e-09	8.728281070628427e-10	1.140103349545387e-09	1.0628637314877795e-09	1.13732306831824e-09	1.0628618803421634e-09	1.1373154836971467e-09	9.181801663563755e-10	1.012123162979903e-09	9.181781465440062e-10	1.0121193952508373e-09	1.04490876734918e-09	1.044905328941032e-09	1.0428821327848748e-09	8.925702598049622e-10	1.0412086828117561e-09	1.0412071547977769e-09	1.0391057922575446e-09	8.878235453006896e-10
450 Shift	4.713708297908745e-10	5.939402101361274e-10	4.839932949044142e-10	5.988831444681867e-10	5.355220393670433e-10	6.162284800393071e-10	5.939390247704971e-10	4.839930570917462e-10	5.988812555387885e-10	5.355218822345612e-10	6.162256399928543e-10	5.981121127264275e-10	6.152964272475646e-10	5.981120127468552e-10	6.153050742693594e-10	5.555487167629398e-10	5.845467292562601e-10	5.55547560198008e-10	5.845450765187654e-10	5.930735675818694e-10	5.930729743875958e-10	5.921971500126853e-10	5.476483854895294e-10	5.919810258612685e-10	5.919796346742561e-10	5.91211469318427e-10	5.45100358486781e-10
500 Broad	7.486213701415067e-10	1.082047951908365e-09	7.743672333431746e-10	1.0979844172609242e-09	9.002661022433836e-10	1.1768216606741715e-09	1.0820458245208814e-09	7.743648786124102e-10	1.0979787358003039e-09	9.002656419364812e-10	1.1768173480221266e-09	1.0967361050455863e-09	1.1738520762987715e-09	1.09673419888357e-09	1.1738445943254188e-09	9.46899574433887e-10	1.0440291629588833e-09	9.468974394546904e-10	1.0440251463079268e-09	1.0781770161075586e-09	1.0781735432155605e-09	1.0761092474150743e-09	9.204663930748309e-10	1.0743589044628705e-09	1.0743571837103445e-09	1.0722210181034666e-09	9.155690047255164e-10
500 Shift	4.892470017798391e-10	6.197685429365093e-10	5.024977493979224e-10	6.24995784664037e-10	5.56996937507271e-10	6.442517022312106e-10	6.197673110649209e-10	5.024973972066755e-10	6.249937588011497e-10	5.569967116156307e-10	6.4424892090403e-10	6.242317225991754e-10	6.432184174448066e-10	6.242315550614579e-10	6.432272476365276e-10	5.781906899592939e-10	6.094773239509578e-10	5.781894946342992e-10	6.094758945513453e-10	6.187773549641046e-10	6.187766773260145e-10	6.178931462482458e-10	5.698886595219852e-10	6.17554206839259e-10	6.17552789393553e-10	6.167651105846557e-10	5.671535153543976e-10
550 Broad	7.696774535995822e-10	1.1131368053712756e-09	7.962291861837231e-10	1.1295633644124666e-09	9.257791767203001e-10	1.2109318254843234e-09	1.113134531834286e-09	7.962267342478049e-10	1.129557492264966e-09	9.257786138041162e-10	1.2109276035663337e-09	1.128221347006828e-09	1.2078003722132341e-09	1.1282193875948028e-09	1.2077929907258283e-09	9.735785936994342e-10	1.0736774141132513e-09	9.735763509692815e-10	1.073673191580855e-09	1.1091024262685176e-09	1.1090989148657112e-09	1.1069949588299982e-09	9.463826471945136e-10	1.1051756072360965e-09	1.105173713376812e-09	1.1030027857375332e-09	9.41348952181115e-10
550 Shift	5.059092454607188e-10	6.438546757129016e-10	5.197481814403226e-10	6.493469628639862e-10	5.770183244167566e-10	6.703903822932963e-10	6.438534007739399e-10	5.197477195228212e-10	6.493448313459386e-10	5.770180350628244e-10	6.703876832680341e-10	6.485925429128353e-10	6.692671043885421e-10	6.485923139970319e-10	6.692760907050981e-10	5.993019794925453e-10	6.327319024510989e-10	5.993007496401338e-10	6.327306750210034e-10	6.427492477634375e-10	6.427484932701633e-10	6.418559153145852e-10	5.906237596881612e-10	6.414039640313928e-10	6.414025199786483e-10	6.405960549828521e-10	5.877241500859436e-10
600 Broad	7.893898259801119e-10	1.1422275480974684e-09	8.166939502651393e-10	1.159104250091353e-09	9.496596195761173e-10	1.2428360149828471e-09	1.1422251420466094e-09	8.166914027640767e-10	1.1590981821689904e-09	9.496589598541736e-10	1.242831868043345e-09	1.1576828215009397e-09	1.2395617624728755e-09	1.1576808109742913e-09	1.2395544777903971e-09	9.98528592580667e-10	1.1014122429543342e-09	9.98526249061473e-10	1.1014078483568925e-09	1.1380415351786067e-09	1.1380379828102078e-09	1.1358957576396845e-09	9.70620755614835e-10	1.134013970061328e-09	1.1340119194037837e-09	1.1318064971429272e-09	9.654645670758216e-10
600 Shift	5.215393844195115e-10	6.664577897888491e-10	5.359319567657287e-10	6.722003931678451e-10	5.958032003317185e-10	6.949216095549442e-10	6.664564740338528e-10	5.359313901895363e-10	6.721981892384038e-10	5.958028521928401e-10	6.949190148755187e-10	6.714561208665506e-10	6.937198674810689e-10	6.714558364667538e-10	6.937289884610764e-10	6.191117538754592e-10	6.545594874374997e-10	6.191104928714433e-10	6.545584433837078e-10	6.652464595510443e-10	6.652456344116066e-10	6.643431257275834e-10	6.100751665382453e-10	6.637865437090336e-10	6.637850727661089e-10	6.6296030693713e-10	6.070351641710481e-10
650 Broad	8.079437305731666e-10	1.1695969927423866e-09	8.359539601244537e-10	1.1868892416297616e-09	9.721329413522003e-10	1.2728416798664086e-09	1.16959446593285e-09	8.359513195966509e-10	1.1868829809513729e-09	9.721321905259424e-10	1.2728375863515749e-09	1.1854011719909037e-09	1.2694401232059505e-09	1.1853991129069129e-09	1.2694329309576943e-09	1.0219898740184793e-09	1.127499409807113e-09	1.0219874361155698e-09	1.1274948700534013e-09	1.1652695894565203e-09	1.1652659946656163e-09	1.1630867343366113e-09	9.93414204000251e-10	1.1611481640538595e-09	1.1611459703017051e-09	1.158906483573795e-09	9.88148515667294e-10
650 Shift	5.362782002642817e-10	6.877790491420425e-10	5.511942617890882e-10	6.93760822453991e-10	6.135197684335627e-10	7.180609072629055e-10	6.877776943315381e-10	5.511935956795688e-10	6.937585779504715e-10	6.135193656359683e-10	7.180584347331654e-10	6.930256171558514e-10	7.167921924639498e-10	6.930252826187903e-10	7.168014307481101e-10	6.377975778947213e-10	6.75153290335988e-10	6.37796288464657e-10	6.751524134661402e-10	6.8646866123233e-10	6.864677706470854e-10	6.855548456398087e-10	6.284150627201219e-10	6.84900803440529e-10	6.848993054174723e-10	6.840565889780116e-10	6.252587148873717e-10
700 Broad	8.254844331122104e-10	1.195462036495311e-09	8.541602366478411e-10	1.2131399833990284e-09	9.933759546841998e-10	1.301189998691561e-09	1.195459399116946e-09	8.541575061033002e-10	1.2131335393217568e-09	9.933751181814861e-10	1.3011859340188026e-09	1.211596485000128e-09	1.2976735275541013e-09	1.2115943802658712e-09	1.297666423134709e-09	1.0441506596028092e-09	1.1521471902373211e-09	1.0441481331579e-09	1.1521425269903875e-09	1.1910023187490907e-09	1.1909986807087087e-09	1.1887833982874908e-09	1.0149462873363381e-09	1.1867930434736816e-09	1.186790718276175e-09	1.1845177183951064e-09	1.0095830800983609e-09
700 Shift	5.502363084075646e-10	7.0797681072408e-10	5.656492415729029e-10	7.141893902101872e-10	6.303003272573944e-10	7.399784542205277e-10	7.079754185162208e-10	5.656484809221334e-10	7.141871336499272e-10	6.302998734508092e-10	7.39976116489567e-10	7.134610655404231e-10	7.386539171153033e-10	7.134606854940724e-10	7.386632584210255e-10	6.554990573591485e-10	6.946654152479778e-10	6.554977417351022e-10	6.946646913974921e-10	7.065731034179807e-10	7.065721518091811e-10	7.056486192914815e-10	6.457793961219741e-10	7.049033267943007e-10	7.049018015995405e-10	7.040414038496643e-10	6.425297188626853e-10
750 Broad	8.421268980541205e-10	1.2199942468535923e-09	8.714323760990921e-10	1.2380321778514955e-09	1.0135285672713482e-09	1.3280718838330435e-09	1.2199915077256358e-09	8.714295587679401e-10	1.238025564265554e-09	1.0135276501749022e-09	1.328067822457457e-09	1.2364429813352901e-09	1.3244502724315339e-09	1.2364408340783457e-09	1.3244432512524377e-09	1.0651597455192081e-09	1.1755203733258092e-09	1.0651571358479557e-09	1.1755156042130181e-09	1.215410402736849e-09	1.215406721020518e-09	1.2131561919257364e-09	1.0353621772570888e-09	1.211118559944244e-09	1.2111161133203434e-09	1.208810248049093e-09	1.0299123063632229e-09
750 Shift	5.635014110017687e-10	7.271768368660545e-10	5.793874396323895e-10	7.33613974846272e-10	6.462498819296429e-10	7.608098947232312e-10	7.271754090010879e-10	5.79386589204521e-10	7.336117305373202e-10	6.4624938035787e-10	7.608076993416665e-10	7.328896165759305e-10	7.594401154100983e-10	7.328891948545378e-10	7.594495478009799e-10	6.723269448702043e-10	7.132166972074722e-10	6.723256049086234e-10	7.132161139059911e-10	7.256847510531312e-10	7.256837422119602e-10	7.247495950919189e-10	6.622765463611026e-10	7.239185351334326e-10	7.239169827701827e-10	7.230391199097355e-10	6.589548714802499e-10
800 Broad	8.57962529279053e-10	1.2433300163424106e-09	8.87865520834357e-10	1.2617057493320799e-09	1.0327020000529778e-09	1.3536391518357738e-09	1.243327183057417e-09	8.878626200205322e-10	1.2616989830771968e-09	1.032701007082686e-09	1.3536350686919432e-09	1.2600792278807657e-09	1.3499200271200238e-09	1.2600770413105677e-09	1.349913084747256e-09	1.085135334554854e-09	1.1977499921822173e-09	1.085132646502723e-09	1.1977451316901572e-09	1.238629537016418e-09	1.238625811461746e-09	1.2363405933402079e-09	1.0547773651917542e-09	1.2342597959013393e-09	1.234257236568861e-09	1.2319192367340529e-09	1.049250521368276e-09
800 Shift	5.761433632089089e-10	7.454794705813463e-10	5.924810020968794e-10	7.521364847904958e-10	6.614521659615932e-10	7.806638904103188e-10	7.454780089400457e-10	5.924800663890795e-10	7.52134272603324e-10	6.614516195254275e-10	7.806618403639482e-10	7.514127407323734e-10	7.792587287757197e-10	7.514122803811604e-10	7.792682421286219e-10	6.883695056739343e-10	7.309035908788336e-10	6.883681429441217e-10	7.309031370674588e-10	7.439033887695415e-10	7.439023259571068e-10	7.429576456686056e-10	6.779933537645767e-10	7.420457678784521e-10	7.420441884387239e-10	7.411490386524147e-10	6.746189482043997e-10
850 Broad	8.730640967257508e-10	1.2655779689360957e-09	9.035354609122901e-10	1.2842722819752816e-09	1.0509847940554172e-09	1.3780126984767892e-09	1.2655750479879416e-09	9.035324799106755e-10	1.284265381558139e-09	1.050983729578747e-09	1.378008569922832e-09	1.2826155907213396e-09	1.3742019636397394e-09	1.2826133680077774e-09	1.3741950958669782e-09	1.1041714914769202e-09	1.2189404154760452e-09	1.1041687294796817e-09	1.2189354756222678e-09	1.2607677772013817e-09	1.2607640078341957e-09	1.258444483261553e-09	1.0732838510803471e-09	1.2563242885686466e-09	1.2563216242013713e-09	1.253952296929204e-09	1.0676885815413102e-09
850 Shift	5.882178845756499e-10	7.62964913565017e-10	6.049874948564487e-10	7.69838235809603e-10	6.759740556218417e-10	7.996276583931482e-10	7.629634201569698e-10	6.049864780912867e-10	7.698360713442103e-10	6.759734669334399e-10	7.996257528286996e-10	7.691115351336061e-10	7.981961718858647e-10	7.691110384687952e-10	7.982057574947973e-10	7.036971849186122e-10	7.478032239615905e-10	7.036958007692932e-10	7.478028897603974e-10	7.613088379516817e-10	7.613077239762651e-10	7.60352608274958e-10	6.929995269104439e-10	7.593644774843597e-10	7.593628711431121e-10	7.58450584005691e-10	6.895894160712786e-10
900 Broad	8.874895016033386e-10	1.2868246030344874e-09	9.185025368144498e-10	1.3058207122952233e-09	1.0684474000978633e-09	1.4012887495325888e-09	1.2868215999440226e-09	9.184994788661856e-10	1.3058136969042828e-09	1.0684462681539125e-09	1.4012845539207293e-09	1.3041399269542611e-09	1.3973909529700894e-09	1.3041376711345315e-09	1.3973841558541775e-09	1.1223430677025386e-09	1.2391747505774323e-09	1.1223402358443839e-09	1.239169741421444e-09	1.2819111403471194e-09	1.2819073273429936e-09	1.2795537568989673e-09	1.0909548795931234e-09	1.2773976179331535e-09	1.2773948553625149e-09	1.274995080430339e-09	1.0852986525451232e-09
900 Shift	5.997694008416713e-10	7.796972757072673e-10	6.169528294849347e-10	7.867840859086278e-10	6.89868951125467e-10	8.177712194919652e-10	7.79695752626326e-10	6.16951735619841e-10	7.867819808762298e-10	6.89868322554458e-10	8.177694544777273e-10	7.860508031306114e-10	8.163216325708293e-10	7.860502718316531e-10	8.16331282848296e-10	7.183661837408799e-10	7.639772685397697e-10	7.183647793505202e-10	7.639770450600956e-10	7.779649554639217e-10	7.779637927462716e-10	7.769983077691008e-10	7.073510188021772e-10	7.759382105044841e-10	7.759365775145771e-10	7.750072811799259e-10	7.039199574204238e-10
950 Broad	9.012847600047427e-10	1.3071387477737692e-09	9.328147340525764e-10	1.3264218458791175e-09	1.0851458140642906e-09	1.423543812014286e-09	1.3071356672145214e-09	9.328116023230465e-10	1.3264147346595267e-09	1.0851446183933308e-09	1.423539529992354e-09	1.3247220934656313e-09	1.4195624599314005e-09	1.324719807380869e-09	1.4195557298058194e-09	1.1397095911531082e-09	1.258519113107412e-09	1.139706693219021e-09	1.2585140431439169e-09	1.3021280346929648e-09	1.3021241783601155e-09	1.299736754755316e-09	1.1078486940549351e-09	1.2975478262900281e-09	1.2975449716636774e-09	1.2951156986340027e-09	1.1021379910454444e-09
950 Shift	6.108332991824646e-10	7.957277892586287e-10	6.284135872624535e-10	8.030257230519724e-10	7.031794601923607e-10	8.351507772085405e-10	7.957262386284563e-10	6.284124200076845e-10	8.030236857542642e-10	7.031787939044376e-10	8.351491464489185e-10	8.022822988385431e-10	8.336904874327827e-10	8.02281734054251e-10	8.33700195682221e-10	7.32421298467213e-10	7.794750132351727e-10	7.324198748822687e-10	7.794748924295005e-10	7.939228073044225e-10	7.939215979363871e-10	7.929457513991127e-10	7.21092713124784e-10	7.918177677689875e-10	7.918161084568131e-10	7.908699161385013e-10	7.17653258231816e-10
1000 Broad	9.144864266527162e-10	1.3265751715604551e-09	9.465101981690756e-10	1.3461320303175593e-09	1.1011245282435177e-09	1.4448386922949984e-09	1.3265720174820207e-09	9.46506995739001e-10	1.346124841859255e-09	1.1011232723175224e-09	1.4448343069204366e-09	1.3444176092108098e-09	1.440776507746975e-09	1.3444152954691477e-09	1.4407698412222732e-09	1.1563184137164496e-09	1.2770260875537945e-09	1.1563154532375394e-09	1.2770209640183147e-09	1.3214728517727197e-09	1.3214689525457046e-09	1.3190478497899096e-09	1.1240115848234642e-09	1.3168290015989275e-09	1.3168260605054573e-09	1.3143683052867751e-09	1.118252007721406e-09
1000 Shift	6.214377623577699e-10	8.110974199751741e-10	6.393989105416269e-10	8.186043395106201e-10	7.159395805780839e-10	8.51811472482161e-10	8.110958438976078e-10	6.393976733816641e-10	8.186023753443141e-10	7.159388785669826e-10	8.518099679493398e-10	8.178473677024184e-10	8.503470809268798e-10	8.178467701581867e-10	8.503568411679535e-10	7.458982302582657e-10	7.943358611804231e-10	7.458967884224167e-10	7.943358357226812e-10	8.092232487394713e-10	8.092219945377678e-10	8.082357253854064e-10	7.342606179505387e-10	8.070437744463065e-10	8.070420892077282e-10	8.0607910543868e-10	7.308232681499525e-10
