3A2_9B1	3A2_9B2	9A2_3A2
Intensities	0.0029833738948729	0.0029832744868095997	6.561e-13
2e-08	1893551976149517.5	1893551976149517.5	1937467954487019.5
2.0099999999999998e-08	1895033274816377.2	1895033274816377.2	1938788431166166.2
2.0200000000000002e-08	1896563770946872.5	1896563770946872.5	1940150663673385.0
2.03e-08	1898140570583894.0	1898140570583894.0	1941552171480726.5
2.04e-08	1899763260298284.2	1899763260298284.2	1942992541149628.8
2.0499999999999998e-08	1901430599821363.8	1901430186396904.5	1944469292152134.5
2.0600000000000002e-08	1903140522026134.8	1903140522026134.8	1945981597620529.0
2.07e-08	1904893026921999.2	1904893026921999.2	1947527390451314.5
2.08e-08	1906685633948101.2	1906685633948101.2	1949105016932556.5
2.09e-08	1908518756547701.5	1908518756547701.5	1950714477073654.0
2.1000000000000003e-08	1910390741013563.5	1910390741013563.5	1952354117181468.0
2.11e-08	1912300760501463.8	1912300760501463.8	1954022283548765.0
2.12e-08	1914247161308875.5	1914247161308875.5	1955718149336025.5
2.13e-08	1916230356869646.2	1916230356869646.2	1957440474265170.8
2.1400000000000003e-08	1918247866627631.8	1918247866627631.8	1959188431491985.8
2.15e-08	1920299690587524.8	1920299277167766.5	1960960367318628.0
2.15e-08	1920299277167766.5	1920299277167766.5	1960959953894168.5
2.16e-08	1922383761641134.8	1922383761641134.8	1962755041476428.5
2.17e-08	1918821699321040.5	1918821699321040.5	1960746627042444.5
2.1800000000000003e-08	1926649885246471.2	1926649471822012.0	1966412604761986.5
2.19e-08	1928828630421324.5	1928828630421324.5	1968273013352389.8
2.2000000000000002e-08	1931037142124340.2	1931037142124340.2	1970153266298033.0
2.21e-08	1933274593525396.0	1933274593525396.0	1972053363608317.8
2.2200000000000004e-08	1935539744341714.0	1935539744341714.0	1973971238156243.8
2.23e-08	1937831767724376.2	1937831354299916.8	1975907303356874.0
2.2400000000000002e-08	1940149423404708.0	1940149009980251.5	1977859905531172.5
2.25e-08	1942492297953549.5	1942492297953549.5	1979829871513952.0
2.2599999999999997e-08	1944859564526680.0	1944859564526680.0	1981815134192323.8
2.27e-08	1947251223128798.0	1947250809704341.5	1983816520410496.8
2.29e-08	1952103168732162.0	1952103168732162.0	1987862288962404.2
2.2999999999999998e-08	1954565936280155.5	1954565936280155.5	1989906671291432.0
2.3100000000000002e-08	1957058470370411.8	1957058056945949.8	1991964283189054.2
2.32e-08	1959595654264653.5	1959595654264653.5	1994034297815751.8
2.33e-08	1962259345939999.5	1962259345939999.5	1996117128586581.8
2.3500000000000002e-08	1973213845143969.0	1973213845143969.0	2000318344612929.5
2.36e-08	1980789015502495.2	1980789015502495.2	2002437143283507.0
2.37e-08	1988057425147326.5	1988057425147326.5	2004566277556165.2
2.3799999999999998e-08	1994965742379633.0	1994965742379633.0	2006704920586680.8
2.4e-08	2007626856402101.2	2007626856402101.2	2011011146341056.0
2.41e-08	2013387508242886.2	2013387508242886.2	2013176661937918.0
2.4300000000000003e-08	2023841764250776.5	2023841764250776.5	2017535392556304.2
2.44e-08	2028575470552820.0	2028575470552820.0	2020744804085334.5
2.46e-08	2037182547538898.5	2037182547538898.5	2028329896616781.0
2.4700000000000003e-08	2041111730487322.8	2041111730487322.8	2031798525084303.5
2.49e-08	2048356988381239.8	2048356988381239.8	2038229750866743.8
2.5e-08	2051721020535797.2	2051721020535797.2	2041238651692883.5
2.52e-08	2058039794959347.5	2058039794959347.5	2046936049647819.0
2.5400000000000002e-08	2063925714312557.2	2063925714312557.2	2052303121713688.5
2.55e-08	2066740305802696.2	2066740305802696.2	2054889503080973.2
2.57e-08	2072167737792602.2	2072167737792602.2	2059913846542802.0
2.59e-08	2077378122120050.2	2077378122120050.2	2064777368026320.0
2.61e-08	2082419415975305.5	2082419415975305.5	2069516862266090.0
2.63e-08	2087326760413893.0	2087326760413893.0	2074157961564480.2
2.65e-08	2092124960879865.2	2092124960879865.2	2078719269998654.0
2.67e-08	2096831381191102.8	2096831381191102.8	2083212363462868.8
2.69e-08	2101458837491743.5	2101458424067284.2	2087646337267022.2
2.71e-08	2106015184841808.0	2106015184841808.0	2092026979362944.8
2.7400000000000004e-08	2112730433002086.8	2112730019577627.5	2098506162345047.5
2.76e-08	2117130092609031.0	2117130092609031.0	2102764430899757.5
2.7900000000000002e-08	2123619197773450.5	2123618784348991.2	2109062534114448.5
2.81e-08	2127871264956575.5	2127871264956575.5	2113200496240846.0
2.84e-08	2134137121091649.8	2134137121091649.8	2119312972019075.2
2.8700000000000002e-08	2140263239867634.2	2140263239867634.2	2125305968227310.2
2.89e-08	2144266839152904.5	2144266839152904.5	2129231430350899.8
2.92e-08	2150144490026333.0	2150144076601873.8	2135007792311736.2
2.96e-08	2157753147737848.5	2157753147737848.5	2142511440295226.8
2.99e-08	2163235978567681.8	2163235978567681.8	2147937218591996.8
3.02e-08	2168530287989841.5	2168530287989841.5	2153194319845729.2
3.06e-08	2175276129541296.0	2175276129541296.0	2159923211003760.2
3.09e-08	2180084665609348.8	2180084252184889.5	2164744976645105.8
3.13e-08	2186133474072568.2	2186133474072568.2	2170849597368010.5
3.17e-08	2191734957628178.5	2191734957628178.5	2176551542987297.2
3.2200000000000004e-08	2198062000531510.0	2198062000531510.0	2183072481806871.2
3.26e-08	2202541864417730.5	2202541864417730.5	2187762365149144.2
3.31e-08	2207372311963314.0	2207372311963314.0	2193846314663189.8
3.3599999999999996e-08	2211325886931329.0	2211326300355788.2	2200821193181721.5
3.42e-08	2214952443415352.0	2214952856839811.2	2208575789614521.0
3.48e-08	2217569004739951.5	2217569004739951.5	2215639967741026.2
3.54e-08	2219713849127954.2	2219713849127954.2	2221998844304213.0
3.61e-08	2222784350151511.5	2222783936727052.2	2228495391099500.8
3.6800000000000005e-08	2226934301582525.0	2226934301582525.0	2233973674260281.8
3.76e-08	2231909861000471.0	2231909447576011.8	2238967837769491.5
3.85e-08	2236689043955424.0	2236689043955424.0	2242965235692578.8
3.95e-08	2240447896158275.0	2240447896158275.0	2245454875811620.0
4.05e-08	2242401325181486.8	2242401325181486.8	2246039870960723.5
4.17e-08	2242429851440969.5	2242432745412184.5	2244622653033336.0
4.3099999999999996e-08	2239753757041249.2	2239753757041249.2	2240822871846628.0
4.46e-08	2234590916493703.0	2234590916493703.0	2235196582846967.2
4.64e-08	2226739165388200.8	2226739165388200.8	2227557331744273.2
4.85e-08	2217087365625736.5	2217087365625736.5	2218719150673525.0
5.11e-08	2206132866417063.2	2206132866417063.2	2208976397591141.5
5.4299999999999997e-08	2195374330256334.0	2195374330256334.0	2199369247637363.8
5.8499999999999994e-08	2185933790218593.5	2185933790218593.5	2190407452742625.8
6.440000000000001e-08	2179233011900284.5	2179233011900284.5	2182864116043955.0
7.37e-08	2175599840634320.2	2175600254058776.8	2177470584831502.5
9.28e-08	2174472846456356.2	2174473259880815.8	2174649378559417.0
