R	5A1_2A1	6A1_2A1	2B1_5A1	2B1_6A1	7B1_2A1	7B1_2B1	2B2_5A1	2B2_6A1	7B2_2A1	7B2_2B2	7A2_2B1	7A2_2B2
Intensities	33.8102027882772	3.5852562418337773e-10	8.690534698518821	25.088289200803082	25.811472295901556	25.475240399535906	8.690760973660943	25.08807227660391	25.811492955900068	25.475259641717734	25.053308551232647	25.05330244494046
2.12	8589.90122201867	10306.833694531	8251.387942214074	9968.320414726404	10111.097440509955	9772.584160705359	8251.392331710158	9968.324804222488	10111.097440509955	9772.588550201443	9772.224222301084	9772.228611797167
2.13	8682.089345602668	10317.052433300953	8341.833437225796	9976.79652492408	10180.365828490758	9840.109920113886	8341.83782672188	9976.800914420164	10180.365828490758	9840.11430960997	9839.521728112959	9839.526117609043
2.15	8858.977118393013	10291.013963201622	8515.031841478441	9947.06868628705	10204.178825848023	9860.233548933451	8515.038425722552	9947.07527053116	10204.178825848023	9860.240133177562	9979.970128071363	9979.976712315474
2.16	8941.451294857266	10348.702869699933	8595.559277977256	10002.810852819923	10214.549002108048	9868.656985228037	8595.565862221381	10002.817437064048	10214.549002108048	9868.663569472163	10012.722327113632	10012.728911357757
2.17	9022.48132823332	10359.551500658636	8674.567950029348	10011.638122454664	10191.115695862478	9843.202317658506	8674.572339525432	10011.642511950748	10191.115695862478	9843.20670715459	9977.918040299759	9977.922429795843
2.19	9176.965130810917	10381.678932842784	8824.780776287473	10029.49457831934	10246.429886851722	9894.245532328277	8824.785165783556	10029.498967815423	10246.429886851722	9894.249921824361	10039.24144663474	10039.245836130824
2.2	9250.596674454035	10392.953344622045	8896.158315463981	10038.514985631991	10257.293881071673	9902.85552208162	8896.162704960065	10038.519375128075	10257.293881071673	9902.859911577703	10048.200401052134	10048.204790548218
2.22	9391.053853404592	10415.901611924797	9031.85947920219	10056.707237722396	10279.344497149228	9920.150122946827	9031.863868673317	10056.711627193523	10279.344497149228	9920.154512417954	10066.2609683599	10066.265357831027
2.23	9458.037510471171	10427.568883229134	9096.336736001991	10065.868108759954	10290.522340014679	9928.821565545499	9096.343320246116	10065.87469300408	10290.522340014679	9928.828149789624	10075.35160753499	10075.358191779116
2.25	9574.429296264323	10439.82215183627	9218.908927363329	10084.301782935276	10301.704572451083	9946.184203550089	9218.915511607454	10084.308367179401	10301.704572451083	9946.190787794214	10093.629454724156	10093.636038968281
2.26	9602.552775330914	10418.972061989014	9277.146520422772	10093.565807080871	10280.268485301029	9954.862230392886	9277.153104666897	10093.572391324997	10280.268485301029	9954.868814637011	10102.81007849409	10102.816662738216
2.28	9659.370367555559	10383.695904695618	9387.845134313611	10112.17067145367	10243.710596199613	9972.185362957665	9387.851718557737	10112.177255697796	10243.710596199613	9972.19194720179	10121.230584181147	10121.237168425272
2.3	9716.633493258269	10356.22646002128	9491.270358935217	10130.863325698228	10214.799203185117	9989.436068862065	9491.276943179342	10130.869909942354	10214.799203185117	9989.44265310619	10139.7191270076	10139.725711251725
2.31	9745.321022172211	10345.169328173331	9540.4107286004	10140.25903460152	10202.934404706786	9998.024111134975	9540.415118096484	10140.263424097604	10202.934404706786	9998.028500631059	10148.983151128225	10148.987540624308
2.33	9802.57756363078	10327.826442901118	9633.821325870143	10159.07020514048	10183.859864602506	10015.103626841868	9633.825715366227	10159.074594636564	10183.859864602506	10015.108016337952	10167.546315363114	10167.550704859197
2.35	9859.41490856286	10316.266714126032	9721.115165215015	10177.966970778187	10170.351201113954	10032.051457766109	9721.119554711098	10177.97136027427	10170.351201113954	10032.055847262192	10186.164348199221	10186.168737695305
2.36	9887.588866809456	10312.439076586496	9762.61562298752	10187.46583276456	10165.437164167408	10040.463920345472	9762.617817735561	10187.468027512601	10165.437164167408	10040.466115093514	10195.483240995934	10195.485435743976
2.38	9943.291527927504	10308.354653725779	9841.545284209918	10206.608410008193	10159.500375432166	10057.75413171458	9841.54967368106	10206.612799479335	10159.500375432166	10057.758521185722	10214.204426965007	10214.208816436148
2.4	9997.9714372319	10308.424885613189	9915.385328717355	10225.838777098645	10204.189799563275	10121.603691048731	9915.389718213439	10225.843166594728	10204.187604840175	10121.605885821715	10233.059492414905	10233.063881910988
2.42	10051.46837829033	10312.217407209013	9984.524226638605	10245.273255557287	10251.016906639576	10184.07275498785	9984.528616134674	10245.277645053357	10251.014711891534	10184.074949735877	10252.068190102902	10252.072579598971
2.44	10103.637497856835	10319.29765877541	10049.341669135247	10265.001830053821	10297.17022659126	10242.874397869673	10049.34605863133	10265.006219549905	10297.17022659126	10242.878787365757	10271.307336185491	10271.311725681575
2.46	10154.467822166247	10329.343012599827	10110.186620796507	10285.061811230087	10342.54002209111	10298.25882072137	10110.188815544549	10285.064005978129	10342.537827343069	10298.25882072137	10290.83838348309	10290.840578231131
2.48	10204.00763562556	10342.09668333613	10167.388293603959	10305.47734131453	10387.102150960593	10350.482808938992	10167.392683100043	10305.481730810614	10387.09995621255	10350.485003687034	10310.722784965765	10310.727174461848
2.5	10251.978205508072	10357.119721750409	10221.273704766252	10326.415221008589	10430.516427527808	10399.811926785987	10221.278094262336	10326.419610504672	10430.516427527808	10399.816316282071	10331.035161967156	10331.03955146324
2.52	10298.519995538634	10374.251911360378	10272.101834327608	10347.833750149352	10472.87942060674	10446.461259395714	10272.14792401153	10347.879839833273	10472.877225858698	10446.505154331593	10351.790877723499	10351.83696740742
2.54	10343.646174205554	10393.262803821373	10320.228231196263	10369.844860812082	10514.171377489998	10490.753434480706	10320.27651560327	10369.893145219088	10514.16918274197	10490.799524139686	10387.909817615917	10387.958102022923
2.56	10387.363325777871	10413.915366519592	10365.854812042264	10392.406852783985	10554.379129714274	10532.870615978667	10365.859201513405	10392.411242255126	10554.376934966233	10532.872810701767	10430.101620497357	10430.106009968498
2.59	10447.510348135955	10450.47325564595	10427.2418660455	10430.204773555495	10612.724265352881	10592.455783262427	10427.246255541584	10430.209163051579	10612.72207060484	10592.457978010469	10489.862367474692	10489.866756970776
2.61	10471.31676124908	10490.942182662533	10451.037305418417	10470.66272683187	10650.33782746359	10630.058371632927	10451.0416949145	10470.667116327953	10650.335632715549	10630.06056638097	10527.594445854847	10527.598835350931
2.63	10495.99887813197	10530.184246522243	10475.208046431915	10509.393414822189	10686.954974712207	10666.164143012153	10475.212435903042	10509.397804293316	10686.954974712207	10666.16853248328	10563.834096789738	10563.838486260865
2.66	10534.202826991634	10586.867959191237	10511.94151527679	10564.606647476394	10740.102951106572	10717.841639391729	10511.945904747918	10564.611036947521	10740.10075635853	10717.843834114814	10615.702536099168	10615.706925570295
2.68	10560.162286211402	10623.182231459694	10536.689474550993	10599.709419799285	10774.303682708181	10750.830871047772	10536.693864022134	10599.713809270426	10774.30148796014	10750.833065770872	10648.80808927663	10648.812478747772
2.71	10599.553592813143	10675.845168961168	10573.817997693957	10650.109573841983	10824.1375922054	10798.401997086214	10573.82238719004	10650.113963338066	10824.135397457358	10798.404191834255	10696.532847578157	10696.53723707424
2.73	10625.894937917576	10709.723272825315	10598.54620426074	10682.374539168479	10856.336715165511	10828.987981508675	10598.550593756823	10682.378928664562	10856.33452041747	10828.990176256717	10727.20442709935	10727.208816595434
2.76	10665.284049721362	10758.808773814395	10635.448668530124	10728.973392623157	10903.185769672316	10873.350388481078	10635.453058026207	10728.97778211924	10903.183574924275	10873.35258322912	10771.66559765875	10771.669987154834
2.79	10704.315417943784	10805.938755870855	10672.0263103639	10773.649648290972	10948.3909592188	10916.101851638916	10672.030699859984	10773.654037787055	10948.388764495714	10916.104046411914	10814.485097955956	10814.48948745204
2.82	10742.806878572272	10851.242709004335	10708.182560948058	10816.618391380121	10992.048852618958	10957.424534994745	10708.184755671144	10816.620586103207	10992.046657870917	10957.424534969789	10855.838507759414	10855.8407024825
2.85	10780.644304758607	10894.83695476121	10743.851577791473	10858.044227794075	11034.253823963707	10997.461096996572	10743.853772539514	10858.046422542116	11034.251629215665	10997.461096996572	10895.868485517116	10895.870680265158
2.88	10817.748685723025	10936.826840972586	10778.991660806132	10898.069816055693	11075.084884132608	11036.327859215715	10778.993855554174	10898.072010803735	11075.082689384566	11036.327859215715	10934.695742296477	10934.697937044519
2.91	10854.071736983635	10977.306741729393	10813.572083519422	10936.807088265181	11114.61445973617	11074.114806271959	10813.574278267464	10936.809283013223	11114.612264988129	11074.114806271959	10972.408067994169	10972.41026274221
2.94	10889.580537369766	11016.36005738232	10847.566508954886	10974.34602896744	11152.906198442637	11110.892170027757	10847.568703702927	10974.348223715482	11152.904003694595	11110.892170027757	11009.077889170818	11009.08008391886
2.97	10924.424329623434	11054.226015293185	10881.025416292512	11010.827101962263	11190.179574831549	11146.780661500627	10881.027611040554	11010.829296710304	11190.177380083507	11146.780661500627	11044.830306389893	11044.832501137935
3.01	10969.34420214915	11102.484096944507	10924.56698812134	11057.706882916696	11237.891164669767	11193.113950641957	10924.569182869382	11057.709077664738	11237.891164669767	11193.116145389999	11090.930952413531	11090.933147161573
3.04	11002.04811675947	11137.255462562709	10956.469820345432	11091.677166148671	11272.4123292109	11226.834032796862	10956.472015093474	11091.679360896713	11272.410134462858	11226.834032796862	11124.442533679205	11124.444728427246
3.08	11044.34307272399	11181.80881246498	10998.005394086576	11135.471133827567	11316.825215363293	11270.48753672588	10998.007588834618	11135.473328575608	11316.823020615251	11270.48753672588	11167.775604618786	11167.777799366828
3.12	11085.154380160544	11224.397864417493	11038.362389027941	11177.60587328489	11359.466941218896	11312.674950086293	11038.364583775983	11177.608068032932	11359.466941218896	11312.677144834335	11209.59649535577	11209.598690103812
3.16	11124.493012834238	11265.101629274868	11077.51666304085	11218.125279481479	11400.401154445935	11353.424804652546	11077.51666304085	11218.125279481479	11400.401154445935	11353.424804652546	11249.933737614658	11249.933737614658
3.2	11162.383112973548	11304.007896958748	11115.400178936034	11257.024962921234	11439.68711321654	11392.704179179025	11115.402373659119	11257.02715764432	11439.689307964596	11392.708568650167	11288.756604922877	11288.758799645962
3.24	11198.8334594958	11341.175925541495	11152.100726535355	11294.44319258105	11477.370907189703	11430.638174229258	11152.102921283396	11294.445387329091	11477.373101937745	11430.642563725341	11326.19019781897	11326.192392567013
3.28	11233.857220964084	11376.673752187417	11187.598553206233	11330.415084429565	11513.503015520473	11467.244347762622	11187.600747954275	11330.417279177607	11513.505210268515	11467.248737258706	11362.254269010358	11362.2564637584
3.33	11275.693474937332	11418.760207237734	11230.161268207201	11373.228000507603	11556.528821983826	11510.996615253694	11230.161268207201	11373.228000507603	11556.531016731868	11510.998810001736	11405.273491254557	11405.273491254557
3.37	11307.62264411297	11450.667428982866	11262.797145678167	11405.841930548064	11589.289800018276	11544.464301583474	11262.797145678167	11405.841930548064	11589.291994766318	11544.466496331515	11438.106895899502	11438.106895899502
3.42	11345.653208002157	11488.425844314566	11301.832903371716	11444.605539684126	11628.220209880717	11584.399905250277	11301.832903371716	11444.605539684126	11628.22240462876	11584.402099998319	11477.19971699221	11477.19971699221
3.47	11381.629489346757	11523.890749764832	11338.917531603744	11481.17879202182	11664.955873448693	11622.24391570568	11338.919726351785	11481.180986769861	11664.955873448693	11622.246110453721	11514.141686701376	11514.143881449418
3.53	11422.166453527665	11563.538841687754	11380.815238472249	11522.187626632338	11706.225882901432	11664.874667846016	11380.819627968332	11522.192016128422	11706.225882901432	11664.8790573421	11555.611418026252	11555.615807522336
3.58	11453.85639534147	11594.282847844413	11413.707901289366	11554.13435379231	11738.381110925664	11698.23261687356	11413.707901289366	11554.13435379231	11738.381110925664	11698.23261687356	11587.942225793988	11587.942225793988
3.64	11489.33446925503	11628.404568566446	11450.68718166533	11589.757280976744	11774.221317991527	11735.574030401825	11450.693765909455	11589.76386522087	11774.221317991527	11735.58061464595	11623.982154781872	11623.988739025997
3.7	11522.211768860798	11659.703845578275	11485.120556384645	11622.612633102122	11807.232497103047	11770.141284626894	11485.120556384645	11622.612633102122	11807.230302355005	11770.139089878852	11657.179887327176	11657.179887327176
3.77	11557.380383550073	11692.778672308123	11521.95498351466	11657.35327227271	11842.218947879577	11806.793547844165	11521.95498351466	11657.35327227271	11842.218947879577	11806.793547844165	11692.161948582667	11692.161948582667
3.83	11584.942007592239	11718.329908716623	11550.945387408734	11684.333288533118	11869.26480650637	11835.268186322864	11550.945387408734	11684.333288533118	11869.26480650637	11835.268186322864	11719.16171757545	11719.16171757545
3.9	11614.184807311423	11745.022413233164	11581.794741396501	11712.632347318242	11897.427791062655	11865.037725147733	11581.794741396501	11712.632347318242	11897.427791062655	11865.037725147733	11747.188627803087	11747.188627803087
3.98	11644.013604258551	11771.666633317756	11613.357387923723	11741.010416982928	11925.206694961278	11894.55047862645	11613.359582671765	11741.01261173097	11925.206694961278	11894.552673374492	11774.743667601128	11774.74586234917
4.06	11670.253991003017	11794.452489390256	11641.217497474921	11765.41599586216	11948.291036542782	11919.254543014686	11641.217497474921	11765.41599586216	11948.291036542782	11919.254543014686	11797.628287310508	11797.628287310508
4.14	11693.169337160027	11813.665298521315	11665.625271077239	11786.121232438527	11966.650089359566	11939.106023276778	11665.625271077239	11786.121232438527	11966.650089359566	11939.106023276778	11815.943445141529	11815.943445141529
4.23	11715.301158840244	11831.370316895918	11689.286830944417	11805.35598900009	11981.567779942707	11955.55345204688	11689.286830944417	11805.35598900009	11981.567779942707	11955.55345204688	11831.243021609349	11831.243021609349
4.32	11733.914802205225	11845.302566407074	11709.27438548523	11820.66214968708	11990.342375649401	11965.701958929407	11709.27438548523	11820.66214968708	11990.342375649401	11965.701958929407	11841.110600967193	11841.110600967193
4.42	11750.906528040374	11856.844737197825	11727.615880317666	11833.554089475118	11993.028745130781	11969.738097408073	11727.618075040766	11833.556284198217	11993.028745130781	11969.740292131173	11846.081701362811	11846.083896085911
4.53	11765.580601815527	11865.294510443971	11743.650696805373	11843.364605433817	11988.114708159279	11966.184803149124	11743.576075421879	11843.289984050323	11988.114708159279	11966.11018176563	11844.995301930845	11844.920680547351
4.64	11776.710160298942	11870.032967721912	11755.87104416694	11849.19385158991	11976.748117062118	11955.909000930114	11755.873238914966	11849.196046337936	11976.748117062118	11955.911195678142	11838.088435309997	11838.090630058025
4.76	11785.546208925836	11871.80412799376	11765.598159799862	11851.856078867786	11959.7190805352	11939.771031409226	11765.598159799862	11851.856078867786	11959.7190805352	11939.771031409226	11825.598134139	11825.598134139
4.89	11791.882441480193	11870.47411172885	11772.80570662787	11851.397376876528	11938.739500653333	11919.662765801011	11772.807901375912	11851.39957162457	11938.739500653333	11919.664960549053	11808.386933649454	11808.389128397495
5.03	11795.80006361453	11866.271172548746	11777.467347774262	11847.938456708478	11915.995344743715	11897.662628903447	11777.467347774262	11847.938456708478	11915.993149995673	11897.660434155405	11787.659749592684	11787.659749592684
5.19	11797.610729326174	11859.010951817647	11779.93204787816	11841.332270369632	11892.02213090421	11874.343449456195	11779.93204787816	11841.332270369632	11892.019936156168	11874.341254708153	11781.209390215052	11781.209390215052
5.35	11797.533913194638	11850.236356110952	11780.349049656637	11833.051492572951	11871.255441407659	11854.070577869657	11780.35124440468	11833.053687320993	11871.255441407659	11854.0727726177	11782.249699963111	11782.251894711153
5.54	11795.92077468196	11838.839038566162	11779.28240298199	11822.200666866192	11850.708226565519	11834.06985486555	11779.284597730031	11822.202861614234	11850.708226565519	11834.072049613591	11781.949019730993	11781.951214479035
5.74	11793.48680100072	11827.083977365124	11777.14472006174	11810.741896426145	11833.720890176526	11817.378809237547	11777.14472006174	11810.741896426145	11833.720890176526	11817.378809237547	11780.717767053065	11780.717767053065
5.96	11790.651188802265	11815.074325640846	11774.557114167357	11798.980251005938	11819.04242693026	11802.948352295352	11774.557114167357	11798.980251005938	11819.04242693026	11802.948352295352	11778.940022537092	11778.940022537092
6.21	11787.609270437635	11803.13490575408	11771.686386025176	11787.21202134162	11806.179018891693	11790.256134479234	11771.688580773218	11787.214216089662	11806.179018891693	11790.258329227276	11776.841845081595	11776.844039829637
6.5	11784.578325788272	11791.812209592768	11768.776152443228	11776.010036247724	11794.955086292422	11779.152912947378	11768.77834719127	11776.012230995766	11794.955086292422	11779.15510769542	11774.627346079724	11774.629540827766
6.82	11781.911709039254	11782.267257947446	11766.184157052732	11766.539705960924	11785.956626485146	11770.229074498624	11766.186351800774	11766.541900708966	11785.956626485146	11770.231269246666	11772.58403727533	11772.586232023372
7.19	11774.447376865108	11779.61161491368	11758.759330318382	11763.923568366954	11778.76444284353	11763.076396296805	11758.759330318382	11763.923568366954	11778.766637591572	11763.078591044847	11770.749229360197	11770.749229360197
7.62	11768.587404261387	11777.781196494616	11752.908136681872	11762.1019289151	11775.625955639945	11759.94668806043	11752.908136681872	11762.1019289151	11775.625955639945	11759.94668806043	11765.01216252202	11765.01216252202
8.14	11764.54248681551	11776.409480066824	11748.861024487953	11760.728017739268	11773.521193940323	11757.839731612767	11748.861024487953	11760.728017739268	11773.521193940323	11757.839731612767	11760.714849275973	11760.714849275973
8.76	11764.669782102079	11772.97689685032	11748.981735530397	11757.288850278637	11772.276772774145	11756.588726202463	11748.983930278438	11757.291045026679	11772.276772774145	11756.590920950504	11758.144801340954	11758.146996088995
9.55	11764.29228573844	11771.638101593227	11748.597654947589	11755.943470802376	11771.616154137766	11755.921523346915	11748.59984969563	11755.945665550418	11771.616154137766	11755.923718094957	11756.797227116665	11756.799421864707
10.56	11764.162795703829	11771.100388772305	11748.465970164936	11755.403563233413	11771.354979320502	11755.65815378161	11748.465970164936	11755.403563233413	11771.354979320502	11755.65815378161	11756.274877507065	11756.274877507065
11.96	11764.138653500326	11770.951146005304	11748.441827961433	11755.25432046641	11771.284747458034	11755.587921919141	11748.444022709475	11755.256515214453	11771.284747458034	11755.590116667183	11756.138803228328	11756.14099797637
14.03	11764.13645875227	11770.9270038018	11748.439633213377	11755.230178262907	11771.273773717825	11755.576948178932	11748.439633213377	11755.230178262907	11771.273773717825	11755.576948178932	11756.121245268936	11756.121245268936
17.58	11764.136458727327	11770.9270038018	11748.439633188435	11755.230178262907	11771.271578969783	11755.57475343089	11748.439633188435	11755.230178262907	11771.273773717825	11755.576948178932	11756.121245243994	11756.121245243994
25.83	11764.136458752284	11770.927003801815	11748.43743846535	11755.22798351488	11771.27377371784	11755.574753430905	11748.439633213391	11755.230178262922	11771.271578969798	11755.574753430905	11756.12124526895	11756.123440016992
