R	4B1_2A1	4B1_2B1	4B2_2A1	4B2_2B2	4A2_2B1	4A2_2B2
Intensities	8.53916931312606	8.784419092030943	8.539199021029862	8.784432048568497	8.263968576295161	8.26395206404049
2.0	8997.873832700003	6866.369147400008	8997.873832700003	6866.371342100014	6849.344500299994	6849.346695
2.01	9010.741630299992	6999.03058749999	9010.741630299992	6999.032782299997	6980.96343589999	6980.965630699997
2.02	9023.842071000006	7126.944791300004	9023.842071000006	7126.949180800002	7107.731982199999	7107.736371699997
2.03	9037.157596699995	7250.236859500001	9037.157596699995	7250.239054199992	7229.770850300003	7229.773044999994
2.04	9050.664065500008	7369.012139800005	9050.6662602	7369.018723999994	7347.194166799993	7347.198556299991
2.05	9064.346114	7483.384758900007	9064.346114	7483.389148400005	7460.1248376	7460.129227099998
2.06	9078.17521039999	7593.449091099988	9078.17521039999	7593.453480600001	7568.6704054	7568.674794900013
2.07	9092.114044100003	7699.288536699998	9092.114044100003	7699.292926199996	7672.929633599997	7672.934023099995
2.08	9106.112135999996	7800.964548500007	9106.112135999996	7800.968938000005	7772.97494900001	7772.979338500008
2.09	9120.059748700005	7898.521021500012	9120.059748700005	7898.52541100001	7868.863414800013	7868.867804300011
2.1	9133.906403200002	7991.949176800001	9133.906403200002	7991.953566299999	7960.599420700004	7960.603810200002
2.11	9147.47213000001	8081.202924600002	9147.47213000001	8081.2073141	8048.165408599991	8048.169798099989
2.12	9160.550623300005	8166.190085600014	9160.550623300005	8166.194475100012	8131.510899300003	8131.515288800001
2.13	9172.9531346	8246.820675099996	9172.9531346	8246.825064599994	8210.622724400004	8210.627113900002
2.14	9184.030019099999	8322.923503099999	9184.030019099999	8322.927892499996	8285.413094100004	8285.417483500001
2.15	9194.316795099992	8394.386637399992	9194.292652899996	8394.3690794	8355.868839799994	8355.875423999998
2.16	9203.150648900002	8461.032303500004	9203.150648900002	8461.036693000002	8421.959235100003	8421.963624600001
2.17	9210.650097100006	8523.082170900001	9210.650097100006	8523.086560400014	8484.371235599989	8484.375625100001
2.18	9215.926267200004	8579.75271510001	9215.926267200004	8579.757104600008	8541.11201170001	8541.116401200008
2.19	9219.771462600009	8631.943782100003	9219.771462600009	8631.948171600001	8594.328025299998	8594.332414799996
2.2	9222.021077700003	8679.602698100003	9222.018882899996	8679.604892799995	8643.479368700006	8643.483758200004
2.21	9222.8638602	8723.021364100001	9222.861665499993	8723.025753599999	8688.754790200008	8688.761374400012
2.22	9222.539037800001	8762.553134500005	9222.539037800001	8762.559718699995	8730.3869327	8730.393516899989
2.23	9221.316564099994	8798.584284499986	9221.314369300002	8798.586479200007	8768.6413607	8768.645750200012
2.24	9219.462003499997	8831.490115699999	9219.459808700005	8831.492310400004	8803.796806900005	8803.801196400003
2.25	9217.22775169999	8861.637150899987	9217.225556999998	8861.639345700009	8836.145172599994	8836.149562100007
2.26	9214.837673000002	8889.363380900002	9214.835478299996	8889.367770499986	8865.971774899997	8865.978359199988
2.27	9212.482710199998	8914.971680699993	9212.482710199998	8914.978264999998	8893.544372599994	8893.550956899999
2.29	9208.461934899999	8960.868215399998	9208.461934899999	8960.87260480001	8942.91519069999	8942.919580100002
2.3	9207.009013000003	8981.586620500006	9207.009013000003	8981.593204699995	8965.1391917	8965.14577589999
2.31	9206.027961399988	9001.060604400001	9206.027961399988	9001.0649939	8985.976113000012	8985.98050250001
2.32	9205.562675100009	9019.435020400007	9205.562675100009	9019.4372152	9005.581781700006	9005.583976499998
2.33	9205.643880799995	9036.837163799995	9205.643880799995	9036.839358600002	9024.092271999994	9024.094466800001
2.35	9207.491857100002	9069.143829299996	9207.491857100002	9069.146024100002	9058.299587799993	9058.3017826
2.36	9209.22131719999	9084.201983699997	9209.22131719999	9084.206373199995	9074.169798300005	9074.174187800003
2.37	9211.495074399994	9098.643414399994	9211.495074399994	9098.6456091	9089.346469099997	9089.348663800003
2.38	9214.33727080001	9112.5493269	9214.33727080001	9112.553716399998	9103.9173897	9103.921779199998
2.4	9221.5272597	9138.903840500003	9221.5272597	9138.908230000001	9131.421950300006	9131.426339800004
2.41	9225.826767699997	9151.433647099999	9225.826767699997	9151.438036599997	9144.449964400003	9144.4543539
2.43	9235.707515500006	9175.424418900002	9235.707515500006	9175.4288084	9169.309855700005	9169.314245200003
2.44	9241.2668079	9186.942447499998	9241.2668079	9186.944642200004	9181.207575399996	9181.209770100002
2.46	9253.47618160001	9209.168643199999	9253.47618160001	9209.170838000005	9204.103168799993	9204.1053636
2.47	9260.209663300004	9219.9207054	9260.209663300004	9219.925094899998	9215.149326899991	9215.15371639999
2.49	9274.295545	9240.827858600009	9274.295545	9240.832248100007	9236.581024500003	9236.585414000001
2.5	9281.742319199999	9251.018065800003	9281.742319199999	9251.020260500009	9247.003874799993	9247.0060695
2.52	9297.357939099995	9270.917830499995	9297.357939099995	9270.966114900002	9267.3206413	9267.368925700008
2.54	9313.818536399995	9290.385230200001	9313.818536399995	9290.433514599994	9287.145784600012	9287.194069000005
2.55	9322.3253731	9299.969687200006	9322.3253731	9299.974076700004	9296.890458099995	9296.894847599993
2.57	9339.835058900004	9318.919126700013	9339.835058900004	9318.923516200011	9316.131798900009	9316.136188400007
2.59	9357.913184199992	9337.633728400004	9357.913184199992	9337.638117900002	9335.1009912	9335.105380699999
2.61	9376.471958899987	9356.181529399997	9376.471958899987	9356.185918899995	9353.87265630001	9353.877045800007
2.63	9395.425787999993	9374.6261773	9395.425787999993	9374.630566799999	9372.51483140001	9372.519220900009
2.65	9414.711023800002	9393.009372300003	9414.711023800002	9393.0137618	9391.073606100006	9391.077995600004
2.67	9434.266213299998	9411.3706199	9434.266213299998	9411.375009399999	9409.586291200001	9409.5906807
2.69	9453.9355296	9429.73406219999	9453.9355296	9429.738451699988	9428.088002499993	9428.092391999991
2.71	9473.857241799997	9448.117257200007	9473.857241799997	9448.121646700005	9446.594103300013	9446.59849280001
2.74	9503.949408300003	9475.771060600004	9503.949408300003	9475.775450100002	9474.408123200003	9474.4125127
2.76	9524.0796214	9494.24204540001	9524.0796214	9494.246434900007	9492.973482100002	9492.9778716
2.79	9554.305667399996	9522.016559900003	9554.305667399996	9522.018754599994	9520.868707600006	9520.870902299997
2.81	9574.427101499998	9540.562166100004	9574.427101499998	9540.566555600002	9539.486740499997	9539.491129999995
2.84	9604.499515300005	9568.406912399994	9604.499515300005	9568.411301899992	9567.423666000002	9567.4280555
2.87	9634.370012400002	9596.242879700003	9634.370012400002	9596.247269200001	9595.340838999997	9595.345228499995
2.89	9654.13589769999	9614.770927999998	9654.13589769999	9614.775317499996	9613.917171699999	9613.921561199997
2.92	9683.514771599992	9642.48398949999	9683.514771599992	9642.488378999988	9641.691686099992	9641.69607559999
2.96	9722.267406999992	9679.27452169999	9722.267406999992	9679.278911200003	9678.55245019999	9678.556839700002
2.99	9750.700345299992	9706.566191999998	9750.700345299992	9706.56838669999	9705.888015400007	9705.890210099999
3.02	9778.6526343	9733.590103199997	9778.6526343	9733.592298000003	9732.949237199995	9732.951432000002
3.06	9815.142486199999	9769.144993299997	9815.142486199999	9769.147188000003	9768.545827599999	9768.548022300005
3.09	9841.841574999999	9795.365627299994	9841.841574999999	9795.367822	9794.792798499999	9794.794993200005
3.13	9876.5383192	9829.676096199997	9876.5383192	9829.678290900003	9829.131799099996	9829.133993800002
3.17	9910.185974699998	9863.148172000001	9910.185974699998	9863.150366799993	9862.625822400005	9862.628017199997
3.22	9950.617591100003	9903.737810100007	9950.617591100003	9903.740004899999	9903.239602700007	9903.241797499999
3.26	9981.657888000002	9935.118292700005	9981.657888000002	9935.179745600006	9934.631058999992	9934.692511899993
3.31	10018.797384899997	9972.951329400006	10018.797384899997	9972.953524199998	9972.477264200003	9972.479458999995
3.36	10054.055984200008	10009.04612710001	10054.055984200008	10009.0483218	10008.57864610001	10008.580840800001
3.42	10093.879655800003	10050.059351200005	10093.879655800003	10050.061545900011	10049.596259700003	10049.59845440001
3.48	10130.997205200008	10088.456437600005	10130.997205200008	10088.460827100003	10087.995540899996	10087.999930399994
3.54	10165.465695799998	10124.353708099996	10165.465695799998	10124.33615019999	10123.890616699995	10123.873058799989
3.61	10202.359381200004	10162.959295599998	10202.359381200004	10162.961490400005	10162.491814599998	10162.494009400005
3.68	10235.763419900002	10198.173999999999	10235.763419900002	10198.173999999999	10197.699934799995	10197.699934799995
3.76	10269.882945799996	10234.213929000005	10269.882945799996	10234.216123699996	10233.731084800005	10233.733279499997
3.85	10303.372579599993	10269.841245699994	10303.372579599993	10269.8434404	10269.347427799992	10269.349622499998
3.95	10334.928641899998	10303.638143899996	10334.928641899998	10303.638143899996	10303.137741800005	10303.137741800005
4.05	10361.070265100003	10331.836244399994	10361.070265100003	10331.836244399994	10331.329257999998	10331.329257999998
4.17	10386.066230700002	10359.0510985	10386.066230700002	10359.0510985	10358.544112100004	10358.544112100004
4.31	10407.682286999989	10382.899211800002	10407.682286999989	10382.899211800002	10382.4053939	10382.4053939
4.46	10423.398865299998	10400.59764600001	10423.398865299998	10400.5998407	10400.1367493	10400.138943999991
4.64	10434.207990800001	10413.368874599997	10434.207990800001	10413.371069400004	10412.971625499995	10412.973820300002
4.85	10439.2602968	10419.9377504	10439.2602968	10419.9377504	10419.63926489999	10419.63926489999
5.11	10438.200234300006	10420.218677800003	10438.200234300006	10420.218677800003	10420.056266600004	10420.056266600004
5.43	10431.475531599994	10414.5035585	10431.475531599994	10414.505753299993	10414.483805800002	10414.486000599994
5.85	10420.363531099996	10404.153135	10420.363531099996	10404.153135	10404.236535400007	10404.236535400007
6.44	10408.018083200004	10392.198351900006	10408.018083200004	10392.198351900006	10392.301504999996	10392.301504999996
7.37	10398.440210300003	10382.758748000007	10398.440210300003	10382.758748000007	10382.824590400007	10382.824590400007
9.28	10395.128338199997	10379.435902099998	10395.128338199997	10379.435902099998	10379.473212800003	10379.473212800003
