R	4A1_1A1	1B1_4A1	5B1_1A1	5B1_1B1	6B1_1A1	6B1_1B1	1B2_4A1	5B2_1A1	5B2_1B2	6B2_1A1	6B2_1B2	1A2_5B1	1A2_6B1	1A2_5B2	1A2_6B2	2A2_5B1	2A2_6B1	2A2_5B2	2A2_6B2	5A2_1B1	5A2_1B2	5A2_1A2	5A2_2A2	6A2_1B1	6A2_1B2	6A2_1A2	6A2_2A2
Intensities	26.68624287823664	23.70996861374172	0.6917252485060039	37.54476650061099	38.49686632505806	0.3306842481605732	23.709990642469705	0.691708591603469	37.54476369743072	38.49688524839909	0.3306969052144656	3.773954804766042	35.23191176441894	3.7750743050586917	35.23157866799139	32.036164771103685	0.2516853060189611	32.03507062151925	0.2519867709016241	23.886646851098053	23.88643965740735	26.383726401496105	2.053325488229268e-08	15.123505682636436	15.123714629832458	3.076321423271019e-08	44.0001649807547
2e-08	1698981350435766.0	1902344267152299.2	1722345601783737.2	1925708518500270.5	1812942539046679.5	2016305455763212.8	1902344267152299.2	1722344774934818.5	1925707691651351.8	1812942539046679.5	2016305455763212.8	1927960853163056.8	2018557790425999.0	1927960026314138.0	2018557790425999.0	1381503037907251.2	1472099975170193.8	1381502211058332.8	1472099975170193.8	1902381888745180.2	1902381888745180.2	1904634223407966.5	1358176408152161.0	2015667542330334.5	2015667542330334.5	2017919876993120.8	1471462061737315.5
2.0099999999999998e-08	1701664059622131.2	1904241883911127.0	1724722790539187.2	1927300614828183.0	1818562213264393.2	2021140037553389.0	1904241883911127.0	1724721550270510.2	1927299374559506.2	1818562213264393.2	2021140037553389.0	1929680284125687.8	2023519706850894.0	1929679043857011.0	2023519706850894.0	1406653281504078.8	1500492704229285.0	1406652041235402.0	1500492704229285.0	1904282399475226.0	1904282399475226.0	1906662068772730.8	1383635066151121.8	2020425227232208.0	2020425227232208.0	2022804896529712.8	1499777893908103.8
2.0200000000000002e-08	1704426146243555.2	1906169267212215.0	1727139668009814.8	1928882788978474.5	1823857349535471.5	2025600470504131.2	1906169267212215.0	1727138427741137.8	1928881548709797.5	1823857349535471.5	2025600470504131.2	1931395167423967.8	2028112848949624.5	1931393927155290.8	2028112848949624.5	1430913836369800.8	1527631517895457.5	1430912596101123.8	1527631517895457.5	1906213090171985.5	1906213090171985.5	1908725468617478.8	1408244137563311.8	2024795947145810.8	2024795947145810.8	2027308325591304.0	1526826994537137.0
2.03e-08	1707268850568715.0	1908125590197242.5	1729594993926945.5	1930451733555473.0	1828774202727218.0	2029630942355745.5	1908125590197242.5	1729593753653567.8	1930450493282095.2	1828774202727218.0	2029630942355745.5	1933102195662227.2	2032281404462499.8	1933100955388849.5	2032281404462499.8	1454309094533410.0	1553488303333682.2	1454307854260032.0	1553488303333682.2	1908172307123527.0	1908172307123527.0	1910822769230281.2	1432029668101464.0	2028721822693859.5	2028721822693859.5	2031372284800613.8	1552579183671796.2
2.04e-08	1710191759177852.0	1910107958909097.2	1732087114592742.8	1932003314323988.0	1833252412920302.5	2033168612651547.8	1910107958909097.2	1732085874319364.8	1932002074050610.0	1833252412920302.5	2033168612651547.8	1934796407751650.8	2035961706079210.5	1934795167478272.8	2035961706079210.5	1476864274858712.2	1578029573186272.0	1476863034585334.2	1578029573186272.0	1910158396655515.8	1910158396655515.8	1912951490083178.2	1455019357190239.8	2032136706019291.8	2032136706019291.8	2034929799446954.5	1576997666554016.0
2.0499999999999998e-08	1713197352613021.2	1912115133065005.0	1734616443426961.2	1933534223878945.2	1837227485941391.5	2036145266393375.5	1912115133065005.0	1734615616578042.8	1933533397030026.5	1837227485941391.5	2036145266393375.5	1936475323150183.0	2039086365664613.2	1936474496301264.2	2039086365664613.2	1498602942525779.0	1601213985040209.2	1498602115676860.2	1601213985040209.2	1912169291626856.0	1912169291626856.0	1915110390898093.8	1477238010273689.8	2034968661317917.2	2034968661317917.2	2037909760589155.0	1600037379964751.0
2.0600000000000002e-08	1716286457718440.0	1914144632122905.5	1737183807278523.0	1935041981682988.5	1840635341055719.8	2038493515460185.0	1914144632122905.5	1737182567009846.2	1935040741414311.5	1840634927631260.2	2038493102035725.8	1938136874730832.0	2041588408508028.8	1938135634462155.2	2041587995083569.2	1519549489554204.0	1623001023331400.5	1519548249285527.2	1623000609906941.2	1914202511504887.5	1914202511504887.5	1917297404552731.0	1498710019376103.0	2037146579639153.8	2037146579639153.8	2040241472686997.2	1621654087510369.2
2.07e-08	1719459901352424.0	1916195629243279.2	1739787552458990.0	1936523280349845.5	1843419339154679.8	2040155067045535.2	1916195629243279.2	1739786312185614.8	1936522040076470.2	1843419339154679.8	2040155067045535.2	1939776101414189.8	2043407888109879.5	1939774861140814.5	2043407888109879.5	1539726240855379.2	1643358027551069.2	1539725000582004.2	1643358027551069.2	1916257642865153.2	1916257642865153.2	1919510463929497.5	1519460603370687.2	2038606793672694.8	2038606793672694.8	2041859614737039.0	1641809754178228.8
2.08e-08	1722719337203413.2	1918264817021058.2	1742429332656800.0	1937974812474445.0	1845543925762983.8	2041089405580629.0	1918264817021058.2	1742428092383422.0	1937973572201067.0	1845543925762983.8	2041089405580629.0	1941390109219635.8	2044504702325819.5	1941388868946257.8	2044504702325819.5	1559156348175517.8	1662270941281701.8	1559155107902140.0	1662270941281701.8	1918331378302582.5	1918331378302582.5	1921746675047773.0	1539512914003655.2	2039300932789717.8	2039300932789717.8	2042716229534908.5	1660482468490790.8
2.09e-08	1726060631031518.8	1920354262578536.2	1745101292816631.0	1939394924363648.2	1847004139796527.8	2041297771343545.0	1920354262578536.2	1745100052543253.0	1939393684090270.5	1847003726372068.5	2041297357919085.8	1942977657883197.0	2044880504863093.8	1942976417609819.0	2044880091438634.5	1577859242445400.0	1679762089425296.8	1577858002172022.0	1679761676000837.5	1920425371529110.0	1920425371529110.0	1924008105048658.5	1558889689610861.5	2039223209052496.2	2039223209052496.2	2042805942572045.0	1677687527134247.8
2.1000000000000003e-08	1729494945292429.8	1922459418256060.0	1747799712123044.8	1940764185086675.0	1847847525025805.2	2040811997989435.5	1922459418256060.0	1747798471849667.0	1940762944813297.2	1847847525025805.2	2040811997989435.5	1944518489620473.8	2044566302523234.2	1944517249347095.8	2044566302523234.2	1595841951880830.8	1695889764783591.2	1595840711607453.0	1695889764783591.2	1922535901719903.5	1922535901719903.5	1926290206253702.2	1577613668514059.2	2038397187636400.8	2038397187636400.8	2042151492170199.5	1693474954430556.5
2.11e-08	1733019799429999.2	1924581937742070.2	1750523350297965.5	1942085488610036.5	1848151391758883.5	2039713530070954.5	1924581937742070.2	1750522110024587.8	1942084248336658.8	1848151391758883.5	2039713530070954.5	1946014671553762.5	2043642713014680.2	1946013431280384.5	2043642713014680.2	1613127214803564.2	1710755256264482.2	1613125974530186.5	1710755256264482.2	1924663795723882.0	1924663795723882.0	1928592978667607.8	1595705521917409.8	2036893977496708.8	2036893977496708.8	2040823160440434.5	1707935703690236.5
2.12e-08	1736633539765185.8	1926718100230533.8	1753268899955126.2	1943353460420474.0	1848028604793214.5	2038113165258562.2	1926718513654993.0	1753267659681748.2	1943352633571555.2	1848028604793214.5	2038113578683021.5	1947461242589551.5	2042220947427639.8	1947460002316173.5	2042220947427639.8	1629734462158483.8	1724494166996572.2	1629733221885106.0	1724494166996572.2	1926806159569833.0	1926806572994292.2	1930913941738910.5	1613187161307842.8	2034815280965770.8	2034815694390230.0	2038923063134848.2	1721196282703780.5
2.13e-08	1740337819977028.2	1928870799678559.5	1756045869842982.0	1944578849544513.2	1847642466653862.5	2036175446355393.8	1928870799678559.5	1756044629569604.0	1944577609271135.2	1847642053229403.2	2036175032930934.5	1948867711481002.5	2040464308291883.2	1948866471207624.8	2040463894867423.8	1645691806771208.0	1737288403582088.5	1645690566497830.0	1737287990157629.2	1928965473804506.5	1928965473804506.5	1933254335740996.0	1630078431031201.2	2032317372362247.2	2032317372362247.2	2036606234298736.5	1733430329588942.0
2.1400000000000003e-08	1744062771397727.2	1931036315280120.0	1758791832919898.0	1945765376802290.8	1847060778900430.8	2034034322782823.5	1931036315280120.0	1758790592646520.0	1945764136528913.0	1847060778900430.8	2034034322782823.5	1950238212477404.5	2038507158457937.2	1950236972204026.5	2038507158457937.2	1661027361495559.0	1749296307476091.8	1661026121222181.2	1749296307476091.8	1931137604192715.0	1931137604192715.0	1935610439867828.5	1646399588885983.2	2029530066872311.0	2029530066872311.0	2034002902547424.5	1744792051565579.2
2.15e-08	1747343705306494.2	1932610220945929.2	1761668024602750.5	1946934540242185.5	1846581206913208.0	2031847722552642.8	1932610220945929.2	1761665957485155.0	1946932473124590.0	1846580380064289.2	2031846895703724.2	1951593416778222.5	2036506599088680.0	1951591349660627.0	2036505772239761.2	1675780815042019.0	1760693997352476.5	1675778747924423.8	1760693170503558.0	1933325444691569.8	1933325444691569.8	1937984321227606.8	1662171719491403.5	2026609225385470.5	2026609225385470.5	2031268101921507.5	1755455500185304.0
2.15e-08	1747343705306494.2	1932610220945929.2	1761668024602750.5	1946934540242185.5	1846581206913208.0	2031847722552642.8	1932610634370388.5	1761665957485155.0	1946932886549049.2	1846579966639830.0	2031846895703724.2	1951593416778222.5	2036506599088680.0	1951591349660627.0	2036505358815302.0	1675781228466478.5	1760694410776935.8	1675779161348883.0	1760693170503558.0	1933325444691569.8	1933325858116029.0	1937984321227606.8	1662172132915862.8	2026609225385470.5	2026609638809929.8	2031268101921507.5	1755455913609763.5
2.16e-08	1751925684949527.5	1935409929164938.0	1764624007140420.0	1948108251355830.5	1846263697177676.8	2029747941393087.2	1935409929164938.0	1764622766867042.0	1948107011082452.8	1846263283753217.5	2029747527968628.0	1952953995597003.2	2034593685634260.0	1952952755323625.2	2034593272209800.8	1689993923248062.0	1771633613285318.8	1689992682974684.0	1771633199860859.5	1935526514768421.2	1935526514768421.2	1940372259009594.0	1677412186660652.8	2023693344987440.5	2023693344987440.5	2028539089228613.2	1765579016879672.0
2.17e-08	1755984269645567.2	1937612239510466.2	1767222791227378.0	1948850761092277.0	1846387724412025.2	2028015694276924.2	1937612239510466.2	1767221964378459.2	1948849934243358.5	1846387310987566.0	2028015280852465.0	1953883786467748.5	2033048719652395.8	1953882959618829.8	2033048306227936.2	1703249127743637.8	1782414060928285.0	1703248300894719.2	1782413647503825.8	1937166568295996.2	1937166568295996.2	1942199593671467.8	1691564934947357.2	2021043296305148.2	2021043296305148.2	2026076321680619.8	1775441662956509.0
2.1800000000000003e-08	1760125539167636.5	1939825298887227.2	1770870432335317.5	1950570192054908.2	1846522914106769.5	2026222673826360.2	1939825298887227.2	1770869605486398.8	1950569365205989.5	1846522087257850.8	2026221846977441.5	1955790085135520.8	2031442566906972.8	1955789258286602.0	2031441740058054.0	1716972741775440.2	1792625223546892.2	1716971914926521.5	1792624396697973.5	1939959248303895.2	1939959248303895.2	1945179141384507.8	1706361798024427.2	2018333301127974.2	2018333301127974.2	2023553194208586.8	1784735850848506.2
2.19e-08	1764346599549223.8	1942049520710291.8	1774196429472529.2	1951899350633597.0	1847229455948164.0	2024932377109231.8	1942049520710291.8	1774195602623610.5	1951898523784678.5	1847228629099248.0	2024931550260316.0	1957305284575127.5	2030338311050762.2	1957304457726209.0	2030337484201846.5	1729815348989776.8	1802848375465411.5	1729814522140858.0	1802847548616495.5	1942192978880118.8	1942192978880118.8	1947598912821649.2	1720108977236298.5	2016063189222848.2	2016063189222848.2	2021469123164378.8	1793979187579028.0
2.2000000000000002e-08	1768642076272361.0	1944284078140135.0	1777669192175242.5	1953311194043016.5	1848360584370718.2	2024002586238492.2	1944284491564591.5	1777668365326323.8	1953310780618554.5	1848359757521799.5	2024002172814030.0	1958901515142929.5	2029592907338405.2	1958900688294010.8	2029592080489486.5	1742266443546793.0	1812957835742268.8	1742265616697874.5	1812957008893350.2	1944437871916740.8	1944438285341197.5	1950028193016653.8	1733393121420517.5	2014143247557326.8	2014143660981783.2	2019733568657239.8	1803098497061103.2
2.21e-08	1773008248521612.5	1946529798020969.0	1781289133867919.2	1954810683367275.8	1849917953072261.2	2023439502571617.5	1946529798020969.0	1781288307019000.8	1954809856518357.2	1849917539647801.8	2023439089147158.2	1960582084239301.8	2029210903443643.5	1960581257390383.0	2029210490019184.2	1754346696660047.0	1822975515864388.8	1754345869811128.2	1822975102439929.5	1946694340824114.8	1946694340824114.8	1952465741696140.5	1746230354116886.0	2012603656093425.0	2012603656093425.0	2018375056965451.0	1812139669386196.2
2.2200000000000004e-08	1777438914934793.0	1948785026654970.5	1785049226344145.5	1956395338064323.0	1851885851937445.2	2023231963657622.8	1948785026654970.5	1785048399495227.0	1956394511215404.5	1851885025088526.8	2023231136808704.2	1962344924737244.0	2029181550330543.8	1962344097888325.5	2029180723481625.2	1766070578176206.2	1832907203769506.0	1766069751327287.5	1832906376920587.2	1948961558758031.0	1948961558758031.0	1954911145430952.0	1758636798869914.2	2011454750433229.5	2011454750433229.5	2017404337106150.5	1821129990545112.8
2.23e-08	1781927460729958.0	1951050590895748.0	1788937893719074.2	1958061023884864.2	1854236168121850.2	2023359298287640.2	1951051004320207.2	1788937480294615.0	1958061023884864.2	1854235341272931.8	2023358884863181.0	1964183421845415.8	2029481696248191.8	1964183008420956.5	2029480869399273.2	1777448010263495.5	1842746284666271.5	1777447596839036.2	1842745457817353.0	1951239939147639.2	1951240352572098.5	1957362337108191.0	1770626925526270.5	2010692809756603.2	2010693223181062.5	2016815207717155.0	1830079796135234.5
2.2400000000000002e-08	1786466857691294.0	1953326490738605.8	1792942319857961.5	1959801952905273.2	1856934174003805.0	2023793807051116.8	1953326490738605.8	1792941906433502.0	1959801539480813.8	1856933347154886.2	2023792980202198.0	1966091787635479.0	2030083641781322.5	1966091374211019.8	2030082814932404.0	1788488501689168.8	1852480355835012.2	1788488088264709.5	1852479528986093.8	1953529068563792.8	1953529068563792.8	1959818903293998.8	1782215617347688.5	2010301710528443.5	2010301710528443.5	2016591545258649.5	1838988259312339.0
2.25e-08	1793199883089217.0	1955611899334620.0	1799198253806020.8	1961610270051423.8	1862093293735921.2	2024505309981324.5	1955611899334620.0	1799197840381561.2	1961609856626964.5	1862092466887002.8	2024504483132406.0	1968060099925125.2	2030955139855025.8	1968059686500665.8	2030954313006107.2	1799198253806020.8	1862093293735921.2	1799197840381561.2	1862092466887002.8	1955829360426238.8	1955829360426238.8	1962279190299940.2	1793417344180835.8	2010258714417588.8	2010258714417588.8	2016708544291290.2	1847846698172185.8
2.2599999999999997e-08	1804013404660715.8	1957907643532717.5	1809585121678767.0	1963479360550769.0	1871568974819787.0	2025463213691788.8	1957907643532717.5	1809584294829848.5	1963478533701850.2	1871568147970868.2	2025462386842870.2	1970082157352157.5	2032066010493177.5	1970081330503239.0	2032065183644258.8	1809585121678767.0	1871568974819787.0	1809584294829848.5	1871568147970868.2	1958139987895463.5	1958139987895463.5	1964742784696852.2	1804245749023461.8	2010535295164564.8	2010535295164564.8	2017138091965953.2	1856641056292562.8
2.27e-08	1814465593551013.2	1960212896488675.2	1819655306669604.5	1965402609607266.5	1880892929254047.0	2026640232191709.0	1960212896488675.2	1819654893245145.2	1965402196182807.2	1880892102409826.8	2026639405347488.8	1972149278007642.8	2033386900592085.0	1972148864583183.2	2033386073747864.8	1819655306669604.5	1880892929254047.0	1819654893245145.2	1880892102409826.8	1960461777815687.5	1960461777815687.5	1967208446216063.5	1814714474878025.5	2011102926495787.8	2011102926495787.8	2017849594896164.0	1865355623558125.8
2.29e-08	1834337651260787.0	1964851515240309.8	1838876634797666.5	1969390498777189.2	1899035633823571.2	2029549497803094.0	1964851515240309.8	1838876221373207.2	1969390085352730.0	1899034393554891.8	2029548257534414.2	1976394730408818.0	2036553729434722.8	1976394316984358.8	2036552489166043.2	1838876634797666.5	1899035633823571.2	1838876221373207.2	1899034393554891.8	1965136777891528.8	1965136777891528.8	1972141009523157.8	1834622913912006.0	2012995168746047.0	2012995168746047.0	2019999400377675.8	1882481304766524.2
2.2999999999999998e-08	1843782325538419.5	1967184881035992.0	1848043488059643.5	1971446043557216.0	1907835366461916.5	2031237921959489.2	1967185294460451.2	1848043074635184.2	1971446043557216.0	1907834539612998.0	2031237508535029.8	1978561899703517.5	2038353778105790.5	1978561486279058.2	2038352951256872.0	1848043488059643.5	1907835366461916.5	1848043074635184.2	1907834539612998.0	1967489988047149.0	1967490401471608.2	1974605844193450.5	1844087432549576.5	2014266034522995.5	2014266447947454.8	2021381890669297.0	1890863479025423.0
2.3100000000000002e-08	1852914864598486.0	1969527755589529.0	1856926318943782.0	1973539209934824.8	1916446164268128.8	2033059055259171.8	1969527755589529.0	1856925905519322.8	1973538796510365.5	1916445337419210.2	2033058228410253.0	1980753461022506.0	2040273306346853.0	1980753047598046.8	2040272479497934.2	1856926318943782.0	1916446164268128.8	1856925905519322.8	1916445337419210.2	1969854360653762.8	1969854360653762.8	1977068611741444.0	1853241469662719.8	2015722527741101.2	2015722527741101.2	2022936778828782.5	1899109636750058.5
2.32e-08	1861746430891986.0	1971878071773934.0	1865533395934561.5	1975665036816509.5	1924863893002313.2	2034995533884261.2	1971878071773934.0	1865533395934561.5	1975665036816509.5	1924863893002313.2	2034995533884261.2	1982964866701435.2	2042295363769187.0	1982964866701435.2	2042295363769187.0	1865533395934561.5	1924863893002313.2	1865533395934561.5	1924863893002313.2	1972227415164622.5	1972227415164622.5	1979527245049548.2	1862095774282674.5	2017343150328496.8	2017343150328496.8	2024642980213422.5	1907211509446548.8
2.33e-08	1870287773440763.2	1974237069867283.2	1873874227780445.8	1977823524206965.8	1933087725815556.5	2037037022242076.5	1974237069867283.2	1873874227780445.8	1977823524206965.8	1933087725815556.5	2037037022242076.5	1985194463042468.0	2044407961077578.8	1985194463042468.0	2044407961077578.8	1873874227780445.8	1933087725815556.5	1873874227780445.8	1933087725815556.5	1974610805282261.0	1974610805282261.0	1981981744117763.2	1870661508855741.0	2019109711641871.8	2019109711641871.8	2026480650477374.0	1915160415215351.8
2.3500000000000002e-08	1886540302887023.2	1978975737262835.8	1889792297102449.0	1982227731478261.5	1948951636580409.8	2041387070956222.2	1978976150687295.0	1889792297102449.0	1982228144902720.8	1948951636580409.8	2041387484380681.5	1989694998132846.8	2048854337610807.8	1989694998132846.8	2048854337610807.8	1889792297102449.0	1948951636580409.8	1889792297102449.0	1948951636580409.8	1979403217815202.5	1979403631239661.8	1986870484469787.8	1886967783439390.0	2023018636805898.8	2023019050230358.0	2030485903460484.2	1930583202430086.2
2.36e-08	1894271334139751.0	1981372356949063.2	1897386898396454.0	1984487921205766.2	1956593781649620.8	2043694804458933.0	1981372770373522.8	1897386898396454.0	1984488334630225.5	1956593781649620.8	2043695217883392.2	1991979166460184.2	2051186049713351.0	1991979166460184.2	2051186049713351.0	1897386898396454.0	1956593781649620.8	1897386898396454.0	1956593781649620.8	1981828777190073.2	1981829190614532.5	1989320022444491.2	1894727754380761.0	2025151491898685.0	2025151905323144.2	2032642737153103.0	1938050469089372.8
2.37e-08	1901751003518710.8	1983773937724107.0	1904750395591688.8	1986773329797085.0	1964042857642100.0	2046065791847496.2	1983773937724107.0	1904750395591688.8	1986773329797085.0	1964042857642100.0	2046065791847496.2	1994272016691765.0	2053564478742176.2	1994272016691765.0	2053564478742176.2	1904750395591688.8	1964042857642100.0	1904750395591688.8	1964042857642100.0	1984260124502673.0	1984260124502673.0	1991758811397353.0	1902237190297276.8	2027376540570665.2	2027376540570665.2	2034875227465345.2	1945353606365269.0
2.3799999999999998e-08	1908992127182138.0	1986163942633088.8	1911896018280253.0	1989067833731203.8	1971218660287981.8	2048390475738932.5	1986164356057548.2	1911896018280253.0	1989068247155663.2	1971218660287981.8	2048390889163391.8	1996557838712244.0	2055880480719972.8	1996557838712244.0	2055880480719972.8	1911896018280253.0	1971218660287981.8	1911896018280253.0	1971218660287981.8	1986680309368975.0	1986680722793434.2	1994170314350015.2	1909508493918024.2	2029666496835734.8	2029666910260194.0	2037156501816774.8	1952494681384783.8
2.4e-08	1922772793742299.8	1990944365856716.0	1925551830752449.5	1993723402866865.5	1976312872431707.2	2044484444546123.5	1990944365856716.0	1925551830752449.5	1993723402866865.5	1976312872431707.2	2044484444546123.5	2001143539175405.2	2051904580854663.2	2001143539175405.2	2051904580854663.2	1925551830752449.5	1976312872431707.2	1925551830752449.5	1976312872431707.2	1991533908670173.5	1991533908670173.5	1998954044978713.2	1923362336555757.2	2034463457028326.2	2034463457028326.2	2041883593336866.2	1966291884913910.2
2.41e-08	1929330113890781.8	1993334784185456.0	1932079384363375.0	1996084054658049.2	1978625567023228.8	2042630237317903.0	1993334784185456.0	1932079384363375.0	1996084054658049.2	1978625567023228.8	2042630237317903.0	2003444244467014.5	2049990427126868.2	2003444244467014.5	2049990427126868.2	1932079384363375.0	1978625567023228.8	1932079384363375.0	1978625567023228.8	1993964429138553.2	1993964429138553.2	2001324618947518.2	1929959758843878.8	2036955577694120.8	2036955577694120.8	2044315767503085.8	1972950907399446.2
2.4300000000000003e-08	1941822964285272.2	1998108592627139.2	1944581330091266.2	2000866958433133.2	1983269973712592.2	2039555602054459.2	1998108592627139.2	1944581330091266.2	2000866958433133.2	1983269973712592.2	2039555602054459.2	2008056817501223.5	2046745461122549.5	2008056817501223.5	2046745461122549.5	1944581330091266.2	1983269973712592.2	1944581330091266.2	1983269973712592.2	1998825883495076.2	1998825883495076.2	2006015742563166.5	1942540255153209.2	2042094853066299.2	2042094853066299.2	2049284712134389.5	1985809224724432.2
2.44e-08	1947770070416141.0	2000488261929345.0	1950568951781530.2	2003287143294734.2	1985598791843920.5	2038316983357124.5	2000488261929345.0	1950568951781530.2	2003287143294734.2	1985598791843920.5	2038316983357124.5	2010367444965747.2	2045397285028137.5	2010367444965747.2	2045397285028137.5	1950568951781530.2	1985598791843920.5	1950568951781530.2	1985598791843920.5	2001253096572482.5	2001253096572482.5	2008333398243495.8	1948534905059278.5	2044732085599757.8	2044732085599757.8	2051812387270771.0	1992013894086553.8
2.46e-08	1959097891605928.0	2005223621924522.0	1962053874143597.5	2008179604462191.5	1990268003977334.2	2036393734295928.5	2005224035348981.2	1962053460719138.0	2008179604462191.5	1990268003977334.2	2036394147720387.8	2014995314690844.8	2043209444524581.8	2014994901266385.5	2043209444524581.8	1962053874143597.5	1990268003977334.2	1962053460719138.0	1990268003977334.2	2006091399178094.2	2006091812602553.5	2012907109406747.5	1959965668859500.2	2050118175181347.8	2050118588605807.0	2056933885410001.0	2003992444862753.5
2.4700000000000003e-08	1964490595974168.2	2007575178382305.0	1967564817817856.5	2010649400225993.0	1992607571139903.2	2035692153548040.0	2007575178382305.0	1967564404393397.2	2010648986801533.8	1992607571139903.2	2035692153548040.0	2017311316678040.5	2042354070000087.5	2017310903253581.2	2042354070000087.5	1967564817817856.5	1992607571139903.2	1967564404393397.2	1992607571139903.2	2008499181320019.2	2008499181320019.2	2015161097772066.8	1965414598911882.5	2052858763744996.5	2052858763744996.5	2059520680197044.0	2009774181336860.0
2.49e-08	1974764599063568.0	2012238602587391.8	1978154676935550.8	2015628680459374.5	1997296214213496.8	2034770217737320.5	2012239016011851.0	1978154676935550.8	2015629093883833.8	1997296214213496.8	2034770631161779.8	2021944560911709.5	2041086098189655.5	2021944560911709.5	2041086098189655.5	1978154676935550.8	1997296214213496.8	1978154676935550.8	1997296214213496.8	2013280431397266.0	2013280844821725.2	2019596311849601.0	1975806427873442.2	2058415184072159.5	2058415597496619.0	2064731064524494.5	2020941180548335.8
2.5e-08	1979657060231022.5	2014546749509860.8	1983245581688303.0	2018135270967141.2	1999645703548983.2	2034535392827821.5	2014547162934320.0	1983245581688303.0	2018135684391600.5	1999645703548983.2	2034535806252280.8	2024260149469745.0	2040660271330425.0	2024260149469745.0	2040660271330425.0	1983245581688303.0	1999645703548983.2	1983245581688303.0	1999645703548983.2	2015650591936910.5	2015651005361370.0	2021775470439514.2	1980760902658072.5	2061224814464088.5	2061225227888547.8	2067349692966692.2	2026335125185250.2
2.52e-08	1988980187811662.8	2019108471373195.0	1993042906747594.8	2023171190309126.8	2004355017826735.0	2034483301388267.0	2019109298222113.5	1993042493323135.2	2023171603733586.0	2004355017826735.0	2034484128237185.5	2028884298379409.8	2040196409458550.0	2028883884954950.5	2040196409458550.0	1993042906747594.8	2004355017826735.0	1993042493323135.2	2004355017826735.0	2020341715557257.2	2020342542406175.8	2026054823627540.0	1990213431995725.0	2066890378759168.2	2066891205608087.0	2072603486829451.2	2036762095197636.2
2.5400000000000002e-08	1997724521610081.0	2023590402381709.5	2002342882577321.0	2028208763348949.5	2009097406033019.0	2034963286804647.5	2023591229225927.0	2002342882577321.0	2028209590193167.0	2009097406033019.0	2034964113648865.0	2033476613629221.5	2040231137084919.5	2033476613629221.5	2040231137084919.5	2002342882577321.0	2009097406033019.0	2002342882577321.0	2009097406033019.0	2024958009406899.0	2024958836251116.5	2030225859687171.2	1999092128635270.5	2069806672581657.5	2069807499425875.0	2075074522861929.8	2043940791810029.2
2.55e-08	2001890596580901.5	2025797260391589.0	2006790085959465.8	2030696749770153.5	2011504774750487.2	2035411438561175.0	2025797673816048.2	2006790085959465.8	2030697163194612.8	2011504774750487.2	2035411851985634.2	2035731428838761.0	2040446117629782.5	2035731428838761.0	2040446117629782.5	2006790085959465.8	2011504774750487.2	2006790085959465.8	2011504774750487.2	2027232255551922.5	2027232668976381.8	2032266934620530.0	2003325591741234.8	2070694707614928.8	2070695121039388.0	2075729386683536.2	2046788043804241.2
2.57e-08	2009853145347456.8	2030153510463219.5	2014867153211908.8	2035167518327671.5	2016840840014822.0	2037141205130584.8	2030154337312138.0	2014867153211908.8	2035168345176590.2	2016840426590362.8	2037141618555044.2	2039721798555439.5	2041695485358352.8	2039721798555439.5	2041695071933893.5	2014867153211908.8	2016840840014822.0	2014867153211908.8	2016840426590362.8	2031723281889136.8	2031724108738055.2	2036277562116904.5	2011422916773373.8	2072840792281010.5	2072841619129929.2	2077395072508778.5	2052540427165247.8
2.59e-08	2017353072510816.2	2034429969675337.2	2020376443183626.8	2037453340348148.0	2024363505504633.5	2041440402669154.8	2034430383099796.8	2020376443183626.8	2037453753772607.2	2024363505504633.5	2041440816093614.0	2041512751893103.5	2045499814214110.5	2041512751893103.5	2045499814214110.5	2020376443183626.8	2024363505504633.5	2020376443183626.8	2024363505504633.5	2036129142853568.5	2036129556278027.8	2040188554398524.2	2019052245689047.5	2075432961581320.8	2075433375005780.0	2079492373126276.5	2058356064416799.8
2.61e-08	2024437921846180.8	2038632839390120.2	2025151491898685.0	2039346409442624.5	2032267761469445.8	2046462679013385.2	2038633252814579.5	2025151491898685.0	2039346822867083.8	2032267761469445.8	2046463092437844.5	2042905577786802.5	2050021847357563.2	2042905577786802.5	2050021847357563.2	2025151491898685.0	2032267761469445.8	2025151491898685.0	2032267761469445.8	2040453145840886.8	2040453559265346.2	2044012314185065.0	2026258228296947.5	2078413749567738.8	2078414162992198.0	2081972917911916.8	2064218832023799.2
2.63e-08	2031154823704296.8	2042773282063273.5	2029834347029851.0	2041452805388827.8	2039936779100299.5	2051555237459276.5	2042774108912192.0	2029834347029851.0	2041453632237746.5	2039936779100299.5	2051556064308195.0	2044511730536926.8	2054614162607375.2	2044511730536926.8	2054614162607375.2	2029834347029851.0	2039936779100299.5	2029834347029851.0	2039936779100299.5	2044703972755335.0	2044704799604253.5	2047762897903433.8	2033085514396358.0	2081728170824796.5	2081728997673715.2	2084787095972895.5	2070109712465819.8
2.65e-08	2037548014474092.2	2046863700419166.2	2034478753723915.8	2043794439668989.8	2047338311326977.8	2056653997272051.8	2046864113843625.5	2034478753723915.8	2043794853093449.0	2047337897902518.5	2056653997272051.8	2046358496129580.8	2059218053732642.8	2046358496129580.8	2059217640308183.5	2034478753723915.8	2047338311326977.8	2034478753723915.8	2047337897902518.5	2048891959208389.8	2048892372632849.0	2051456015668980.8	2039576273263315.8	2085322893648961.2	2085323307073420.5	2087886950109552.2	2076007207703887.2
2.67e-08	2043659663403403.0	2050915670333259.2	2039095460993315.8	2046351467923172.0	2054482280308305.5	2061738287238161.8	2050916497182178.0	2039095460993315.8	2046352294772090.5	2054482280308305.5	2061739114087080.2	2048431818151947.2	2063818637466937.0	2048431818151947.2	2063818637466937.0	2039095460993315.8	2054482280308305.5	2039095460993315.8	2054482280308305.5	2053028681066110.5	2053029507915029.0	2055109031294885.8	2045772674136254.2	2089147893713578.2	2089148720562496.8	2091228243942353.5	2081891886783722.0
2.69e-08	2049527392099213.2	2054941594520527.8	2043685709125532.2	2049099911546846.5	2061384809607581.2	2066799012028895.8	2054942421369446.2	2043685709125532.2	2049100738395765.2	2061384809607581.2	2066799838877814.2	2050710611961319.2	2068409712443368.2	2050710611961319.2	2068409712443368.2	2043685709125532.2	2061384809607581.2	2043685709125532.2	2061384809607581.2	2057126127628409.2	2057126954477327.8	2058736828042881.8	2051711925207094.8	2093157694361037.0	2093158521209955.5	2094768394775509.5	2087743491939722.5
2.71e-08	2055181793943299.5	2058948087777013.0	2048248671262244.2	2052014965095958.0	2068062022750519.8	2071828316584233.2	2058948914625931.8	2048248671262244.2	2052015791944876.5	2068062022750519.8	2071829143433152.0	2053173792938475.8	2072987144426751.2	2053173792938475.8	2072987144426751.2	2048248671262244.2	2068062022750519.8	2048248671262244.2	2068062022750519.8	2061193394233390.5	2061194221082309.2	2062352222075908.5	2057427100399677.0	2097311780031942.5	2097312606880861.0	2098470607874460.2	2093545486198228.8
2.7400000000000004e-08	2063325422477263.8	2064940670556087.5	2055039989466608.5	2056655237545432.2	2077689017068939.2	2079304265147763.0	2064941497405006.2	2055039989466608.5	2056656064394351.0	2077689017068939.2	2079305091996681.8	2057175738525908.8	2079824766128239.5	2057175738525908.8	2079824766128239.5	2055039989466608.5	2077689017068939.2	2055039989466608.5	2077689017068939.2	2067257499387501.0	2067258326236419.5	2067778000367977.5	2065642251308677.0	2103740938696787.2	2103741765545705.8	2104261439677263.8	2102125690617963.2
2.76e-08	2068561025677922.0	2068927732881792.8	2059529362105988.2	2059896069309859.0	2083867640708931.8	2084234347912802.2	2068928146306252.0	2059529362105988.2	2059896482734318.2	2083867640708931.8	2084234761337261.8	2060017616002152.8	2084355894605096.0	2060017616002152.8	2084355894605096.0	2059529362105988.2	2083867640708931.8	2059529362105988.2	2083867640708931.8	2071281769881627.8	2071282183306087.0	2071403316573921.5	2070915062677757.0	2108114552581602.5	2108114966006061.8	2108236099273896.2	2107747845377732.0
2.7900000000000002e-08	2076166789413521.2	2074902124998761.0	2066200787306493.8	2064936122891733.5	2092805870423595.2	2091541206008835.2	2074902538423220.5	2066200787306493.8	2064936536316193.0	2092805870423595.2	2091541619433294.5	2066200787306493.8	2092805870423595.2	2066200787306493.8	2092805870423595.2	2064503681250556.5	2091108764367658.0	2064503681250556.5	2091108764367658.0	2077299571538611.0	2077299984963070.5	2078564235953371.2	2076867129897434.0	2114750009887064.2	2114750423311523.5	2116014674301824.5	2114317568245887.0
2.81e-08	2081092324514214.8	2078881332264446.0	2070604994577792.2	2068394002328023.5	2098560734326654.0	2096349742076885.0	2078882159108663.5	2070604994577792.2	2068394829172241.0	2098560734326654.0	2096350568921102.8	2070604994577792.2	2098560734326654.0	2070604994577792.2	2098560734326654.0	2067622139473778.8	2095577879222640.5	2067622139473778.8	2095577879222640.5	2081301517126047.0	2081302343970264.5	2083512509375815.8	2080529654271802.2	2119198040113429.5	2119198866957647.0	2121409032363198.2	2118426177259184.8
2.84e-08	2088289625217871.5	2084842908237282.0	2077141643517415.0	2073694926536825.2	2106910661510640.0	2103463944530050.5	2084843735086200.5	2077141643517415.0	2073695753385744.0	2106910661510640.0	2103464771378969.0	2077141643517415.0	2106910661510640.0	2077141643517415.0	2106910661510640.0	2072458788381548.0	2102227806374773.0	2072458788381548.0	2102227806374773.0	2087288725396552.5	2087289552245471.2	2090735442377142.2	2086052587241275.2	2125870292167557.2	2125871119016476.0	2129317009148147.0	2124634154012280.0
2.8700000000000002e-08	2095279800427289.0	2090790014363449.8	2083589819693279.0	2079100033629440.0	2114945146071986.5	2110455360008147.5	2090790841212368.5	2083589819693279.0	2079100860478358.5	2114944732647527.2	2110455773432606.8	2083589819693279.0	2114945146071986.5	2083589819693279.0	2114944732647527.2	2077451298192923.2	2108806624571630.8	2077451298192923.2	2108806211147171.5	2093255262453498.0	2093256089302416.8	2097745048517337.2	2091606527016981.5	2132511537410748.2	2132512364259666.8	2137001323474587.2	2130862801974231.5
2.89e-08	2099835320928434.8	2094742349053386.0	2087837339216753.8	2082744367341705.0	2120137753161793.0	2115044781286744.2	2094743175902304.5	2087837339216753.8	2082745194190623.5	2120137753161793.0	2115045608135662.8	2087837339216753.8	2120137753161793.0	2087837339216753.8	2120137753161793.0	2080849231124931.8	2113149645069971.0	2080849231124931.8	2113149645069971.0	2097217105901297.0	2097217932750215.8	2102310077776345.8	2095321969684524.0	2136907062768401.2	2136907889617320.0	2142000034643450.0	2135011926551628.2
2.92e-08	2106522869673448.2	2100647285917617.8	2094128414220337.5	2088252830464507.0	2127697213404969.0	2121821629649138.8	2100648112766536.2	2094128414220337.5	2088253657313425.8	2127697213404969.0	2121822456498057.2	2094128414220337.5	2127697213404969.0	2094128414220337.5	2127697213404969.0	2086026954943608.2	2119595754128239.8	2086026954943608.2	2119595754128239.8	2103132791796767.0	2103133618645685.5	2109008375552597.5	2100906916275868.0	2143438750619216.2	2143439577468134.8	2149314334375046.5	2141212875098317.2
2.96e-08	2115222553667881.0	2108482086629693.5	2102399377389023.0	2095658910350835.5	2137413507336065.8	2130673040297878.0	2108482913478612.0	2102399377389023.0	2095659737199754.0	2137413093911606.5	2130673453722337.5	2102399377389023.0	2137413507336065.8	2102399377389023.0	2137413093911606.5	2093054338326148.2	2128068468273191.0	2093054338326148.2	2128068054848731.5	2110976687837542.5	2110977514686461.0	2117717154875730.0	2108372115812855.2	2152027223523430.2	2152028050372348.8	2158767690561617.8	2149422651498743.0
2.99e-08	2121533473026704.5	2114282427190359.8	2108448599276699.0	2101197553440354.2	2144386732152059.2	2137135686315714.8	2114283254039278.5	2108448599276699.0	2101198380289273.0	2144386732152059.2	2137136513164633.2	2108448599276699.0	2144386732152059.2	2108448599276699.0	2144386732152059.2	2098362704170516.5	2134300837045877.0	2098362704170516.5	2134300837045877.0	2116781989491720.5	2116782816340639.0	2124033035328065.0	2113947140221882.8	2158327393860417.5	2158328220709336.2	2165578439696762.2	2155492544590579.8
3.02e-08	2127692665735919.5	2120022407831687.8	2114388263767303.2	2106718005863071.5	2151130920005679.5	2143460662101447.8	2120023234680606.2	2114388263767303.2	2106718832711990.0	2151130920005679.5	2143461488950366.5	2114388263767303.2	2151130920005679.5	2114388263767303.2	2151130920005679.5	2103690087525909.8	2140432743764286.0	2103690087525909.8	2140432743764286.0	2122525690943780.0	2122526517792698.8	2130195948848011.8	2119497772606618.2	2164511392013680.0	2164512218862598.8	2172181649917911.8	2161483473676518.2
3.06e-08	2135677952828929.2	2127569051921332.0	2122132938017783.0	2114024037110185.8	2159787194464801.2	2151678293557203.8	2127569878770250.5	2122132938017783.0	2114024863959104.2	2159787194464801.2	2151679120406122.2	2122132938017783.0	2159787194464801.2	2122132938017783.0	2159787194464801.2	2110790233556863.5	2148444490003881.5	2110790233556863.5	2148444490003881.5	2130075642429096.0	2130076469278014.5	2138184543336693.2	2126841838875773.8	2172565307515209.0	2172566134364127.5	2180674208422806.5	2169331503961886.8
3.09e-08	2141499378022911.5	2133140768934685.0	2127806357372888.5	2119447748284662.0	2166038167333446.5	2157679558245219.8	2133141595783603.5	2127806357372888.5	2119448575133580.5	2166038167333446.5	2157680385094138.5	2127806357372888.5	2166038167333446.5	2127806357372888.5	2166038167333446.5	2116095292005560.0	2154327101966118.0	2116095292005560.0	2154327101966118.0	2135648186291367.5	2135649013140286.2	2144006795379594.0	2132295730012265.8	2178457428230610.0	2178458255079528.8	2186816037318836.8	2175104971951508.2
3.13e-08	2149042714721579.5	2140439771975393.0	2135188045234925.0	2126585102488738.5	2174066863957063.8	2165463921210877.2	2140440598819610.5	2135188045234925.0	2126585929332956.0	2174066863957063.8	2165464748055094.8	2135188045234925.0	2174066863957063.8	2135188045234925.0	2174066863957063.8	2123115233752536.5	2161994052474675.2	2123115233752536.5	2161994052474675.2	2142946775907619.0	2142947602751836.8	2151549718653805.8	2139476907171417.2	2186109082052977.2	2186109908897194.8	2194712024799163.8	2182639213316775.2
3.17e-08	2156338823786374.2	2147568444265829.8	2142360953909591.5	2133590574389047.0	2181763581007881.2	2172993201487336.5	2147569271114748.2	2142360953909591.5	2133591401237965.5	2181763581007881.2	2172994028336255.2	2142360953909591.5	2181763581007881.2	2142360953909591.5	2181763581007881.2	2130039261104891.8	2169441888203181.5	2130039261104891.8	2169441888203181.5	2150081649560241.5	2150082476409160.2	2158852029080786.0	2146530336276086.5	2193512267963392.2	2193513094812311.0	2202282647483936.8	2189960954679237.2
3.2200000000000004e-08	2165114991239949.8	2156246630202484.8	2151015161246414.0	2142146800208949.0	2190930434265159.8	2182062073227694.8	2156247457051403.2	2151015161246414.0	2142147627057867.5	2190930434265159.8	2182062900076613.5	2151015161246414.0	2190930434265159.8	2151015161246414.0	2190930434265159.8	2138547943149590.5	2178463216168336.5	2138547943149590.5	2178463216168336.5	2158756114681463.8	2158756941530382.5	2167624475718928.8	2155157257622105.5	2202435200991868.5	2202436027840787.2	2211303562029333.5	2198836343932510.2
3.26e-08	2171863313338160.2	2162982549571620.0	2157691134120675.5	2148810370354135.2	2197918128937223.5	2189037365170683.2	2162983376420538.5	2157691134120675.5	2148811197203053.8	2197918128937223.5	2189038192019601.8	2157691134120675.5	2197918128937223.5	2157691134120675.5	2197918128937223.5	2145205311932588.5	2185432306749136.5	2145205311932588.5	2185432306749136.5	2165488726654927.5	2165489553503846.0	2174369490421467.8	2161883668233380.5	2209297628142108.2	2209298454991026.8	2218178391908648.5	2205692569720561.5
3.31e-08	2179961465219220.8	2171131552628253.5	2165726032106484.0	2156896119515517.0	2206237462725332.5	2197407550134365.5	2171132379477172.2	2165726032106484.0	2156896946364435.5	2206237876149791.8	2197408790407743.2	2165726032106484.0	2206237462725332.5	2165726032106484.0	2206237876149791.8	2153316279962482.2	2193827710581330.8	2153316279962482.2	2193828124005790.0	2173634008891427.2	2173634835740345.8	2182463921482394.2	2170054169338392.8	2217528489175852.5	2217529316024771.2	2226358401766819.8	2213948649622818.0
3.3599999999999996e-08	2187689602505431.5	2178970901004680.5	2173414067253058.2	2164695365752307.0	2214111952152585.8	2205393250651834.5	2178972141278055.8	2173414067253058.2	2164696606025682.2	2214111952152585.8	2205394490925209.8	2173414067253058.2	2214111952152585.8	2173414067253058.2	2214111952152585.8	2161170098185577.2	2201867983085104.8	2161170098185577.2	2201867983085104.8	2181468809603505.8	2181470049876880.8	2190187511104256.8	2177943542036775.8	2225374038914468.0	2225375279187843.2	2234092740415219.0	2221848771347738.2
3.42e-08	2196482720352430.8	2187958741612142.8	2182185687046980.8	2173661708306692.5	2222997677007936.5	2214473698267648.5	2187959568461061.2	2182185687046980.8	2173662535155611.2	2222997677007936.5	2214474525116567.0	2182185687046980.8	2222997677007936.5	2182185687046980.8	2222997677007936.5	2170230701441453.2	2211042691402409.2	2170230701441453.2	2211042691402409.2	2190450448853480.5	2190451275702399.0	2198974427593768.5	2187019441988241.2	2234284155784708.8	2234284982633627.2	2242808134524996.8	2230853148919469.2
3.48e-08	2204761538576441.0	2196482720352433.5	2190466572393287.2	2182187754169280.0	2231292618771751.0	2223013800547743.5	2196483960621110.5	2190466572393287.2	2182188994437956.8	2231292618771751.0	2223015040816420.2	2190466572393287.2	2231292618771751.0	2190466572393287.2	2231292618771751.0	2178874573180899.0	2219700619559362.5	2178874573180899.0	2219700619559362.5	2198967812807123.5	2198969053075800.2	2207246631031131.0	2195654631818742.5	2242649793084042.2	2242651033352719.2	2250928611308049.8	2239336612095661.5
3.54e-08	2212544247848965.0	2204548211724717.0	2198272019992263.2	2190275983868015.2	2239028197693531.0	2231032161569283.0	2204541596938072.0	2198272019992263.2	2190269369081370.2	2239028197693531.0	2231025546782638.0	2198272019992263.2	2239028197693531.0	2198272019992263.2	2239028197693531.0	2187090964363274.2	2227847142064542.0	2187090964363274.2	2227847142064542.0	2207026689392759.2	2207020074606114.2	2215022725517007.2	2203841669888018.0	2250488314606847.0	2250481699820201.8	2258484350731095.0	2247303295102105.8
3.61e-08	2221005799538218.8	2213364067898171.0	2206781942305639.0	2199140210665591.0	2247366962417116.0	2239725230777068.0	2213364067898171.0	2206781942305639.0	2199140210665591.0	2247366962417116.0	2239725230777068.0	2206781942305639.0	2247366962417116.0	2206781942305639.0	2247366962417116.0	2196125521901722.0	2236710542013199.0	2196125521901722.0	2236710542013199.0	2215834277081731.0	2215834277081731.0	2223476008721778.8	2212819588317862.0	2258965162996394.0	2258965162996394.0	2266606894636441.5	2255950474232525.0
3.6800000000000005e-08	2228820755895055.0	2221559374451931.5	2214666353915214.2	2207404972472091.0	2254997531610868.5	2247736150167745.0	2221559374451931.5	2214666353915214.2	2207404972472091.0	2254997531610868.5	2247736150167745.0	2214666353915214.2	2254997531610868.5	2214666353915214.2	2254997531610868.5	2204565162118143.5	2244896339813797.8	2204565162118143.5	2244896339813797.8	2224021315151009.2	2224021315151009.2	2231282696594132.5	2221181504797061.8	2266752006504109.0	2266752006504109.0	2274013387947232.0	2263912196150161.5
3.76e-08	2237001592602144.8	2230185055524570.0	2222950133232733.5	2216133596155158.8	2262903854693279.0	2256087317615704.0	2230185055524570.0	2222950133232733.5	2216133596155158.8	2262903854693279.0	2256087317615704.0	2222950133232733.5	2262903854693279.0	2222950133232733.5	2262903854693279.0	2213495123353023.2	2253448844813568.5	2213495123353023.2	2253448844813568.5	2232637487470485.8	2232637487470485.8	2239454024548060.5	2229999014668350.2	2274838995934167.5	2274838995934167.5	2281655533011742.0	2272200523132032.0
3.85e-08	2245299014912717.5	2238983961309301.2	2231389773444456.5	2225074719841040.2	2270821340231386.5	2264506286627970.5	2238983961309301.2	2231389773444456.5	2225074719841040.2	2270821340231386.5	2264506286627970.5	2231389773444456.5	2270821340231386.5	2231389773444456.5	2270821340231386.5	2222657842370410.0	2262089409157340.0	2222657842370410.0	2262089409157340.0	2241424403955302.0	2241424403955302.0	2247739457558718.5	2239007526484671.8	2282951204237439.0	2282951204237439.0	2289266257840855.5	2280534326766809.0
3.95e-08	2253466622051213.0	2247693980910510.0	2239748795952438.8	2233976154811736.0	2278492011560075.0	2272719370419372.0	2247693980910510.0	2239748795952438.8	2233976154811736.0	2278492011560075.0	2272719370419372.0	2239748795952438.8	2278492011560075.0	2239748795952438.8	2278492011560075.0	2231793688821450.0	2270536904429086.0	2231793688821450.0	2270536904429086.0	2250121607407677.2	2250121607407677.2	2255894248548380.0	2247939141417391.2	2290816598335990.0	2290816598335990.0	2296589239476692.5	2288634132345703.5
4.05e-08	2260613485008451.5	2255357210603637.5	2247121388485778.0	2241865114080964.2	2285070416337171.5	2279814141932358.0	2255357210603637.5	2247121388485778.0	2241865114080964.2	2285070416337171.5	2279814141932358.0	2247121388485778.0	2285070416337171.5	2247121388485778.0	2285070416337171.5	2239900522611451.8	2277849550462845.5	2239900522611451.8	2277849550462845.5	2257770780678593.5	2257770780678593.5	2263027055083407.0	2255806189209081.0	2297562026458289.5	2297562026458289.5	2302818300863103.5	2295597434988777.0
4.17e-08	2267966233181850.0	2263285031743820.0	2254790406116632.0	2250109204678602.0	2291656676169598.5	2286975474731568.5	2263285031743820.0	2254790406116632.0	2250109204678602.0	2291657503018517.0	2286976301580487.5	2254790406116632.0	2291656676169598.5	2254790406116632.0	2291657503018517.0	2248381918660646.2	2285248188713613.0	2248381918660646.2	2285249015562531.5	2265680824581134.5	2265680824581134.5	2270362026019164.5	2263953538563179.0	2304314069371933.0	2304314069371933.0	2308995270809962.5	2302586783353977.0
4.3099999999999996e-08	2275047361697081.0	2270965625250129.5	2262306870244255.0	2258225133797304.0	2297735251170374.0	2293653514723423.0	2270965625250129.5	2262306870244255.0	2258225133797304.0	2297735251170374.0	2293653514723423.0	2262306870244255.0	2297735251170374.0	2262306870244255.0	2297735251170374.0	2256738874046337.5	2292167254972456.5	2256738874046337.5	2292167254972456.5	2273337026067853.0	2273337026067853.0	2277418762514804.5	2271850766316887.0	2310550158964750.0	2310550158964750.0	2314631895411701.0	2309063899213783.5
4.46e-08	2281083767440629.5	2277555192478228.0	2268893130081380.0	2265364555118978.5	2302575207473820.5	2299046632511419.0	2277555192478228.0	2268893130081380.0	2265364555118978.5	2302575207473820.5	2299046632511419.0	2268893130081380.0	2302575207473820.5	2268893130081380.0	2302575207473820.5	2264094929615408.0	2297777007007848.0	2264094929615408.0	2297777007007848.0	2279893519362715.5	2279893519362715.5	2283422094325117.0	2278623893859144.5	2315553004378203.0	2315553004378203.0	2319081579340604.5	2314283378874632.0
4.64e-08	2286513266552829.5	2283546121564161.0	2275101520258934.5	2272134375270266.0	2306410129716058.5	2303442984727390.0	2283546121564161.0	2275101520258934.5	2272134375270266.0	2306410129716058.5	2303442984727390.0	2275101520258934.5	2306410129716058.5	2275101520258934.5	2306410129716058.5	2271079730311558.0	2302388339768682.0	2271079730311558.0	2302388339768682.0	2285831530164879.0	2285831530164879.0	2288798675153547.5	2284776885206171.5	2319669055027064.0	2319669055027064.0	2322636200015733.0	2318614410068356.5
4.85e-08	2290910859037477.5	2288406335652007.5	2280582283966468.5	2278077760580998.5	2308736880725087.5	2306232357339617.0	2288406749076466.5	2280582283966468.5	2278078174005457.5	2308737294149546.5	2306233184188536.0	2280582283966468.5	2308736880725087.5	2280582283966468.5	2308737294149546.5	2277196753758837.0	2305351350517456.0	2277196753758837.0	2305351763941915.0	2290606992299695.5	2290607405724155.0	2293111515685166.0	2289725985477534.5	2322519614412247.0	2322520027836706.0	2325024137797717.0	2321638607590085.5
5.11e-08	2294069419400334.0	2291986175200343.5	2285325912450831.5	2283242668250841.5	2309077542211532.5	2306994298011542.5	2291986588624803.0	2285325912450831.5	2283243081675300.5	2309077542211532.5	2306994711436001.5	2285325912450831.5	2309077542211532.5	2285325912450831.5	2309077542211532.5	2282516695478663.5	2306268325239365.0	2282516695478663.5	2306268325239365.0	2294046681069178.0	2294047094493637.5	2296129925269168.5	2293320708297000.5	2323268325510882.0	2323268738935341.0	2325351569710872.5	2322542352738704.5
5.4299999999999997e-08	2295534594517984.5	2293779195655606.0	2289024818149407.0	2287269419287028.5	2306924842758806.0	2305169443896427.0	2293779609080065.5	2289024818149407.0	2287269832711487.5	2306924842758806.0	2305169857320886.5	2289024818149407.0	2306924842758806.0	2289024818149407.0	2306924842758806.0	2286662099240627.5	2304562123850026.5	2286662099240627.5	2304562123850026.5	2295622240432824.5	2295622653857284.0	2297377639295203.5	2295014920386424.0	2314464872061802.0	2314465285486261.5	2316220270924181.0	2313857552015401.5
5.8499999999999994e-08	2295092644123645.5	2293598115888194.0	2291625255938900.5	2290130727703449.0	2302323432180294.0	2300828903944842.5	2293598115888194.0	2291625255938900.5	2290130727703449.0	2302323432180294.0	2300828903944842.5	2291625255938900.5	2302323432180294.0	2291625255938900.5	2302323432180294.0	2289616014660701.5	2300314190902095.0	2289616014660701.5	2300314190902095.0	2295148042958871.5	2295148042958871.5	2296642571194323.0	2294633329916124.5	2305277347595667.0	2305277347595667.0	2306771875831118.5	2304762634552919.5
6.440000000000001e-08	2293077201483258.5	2291728611969091.0	2293158232616151.5	2291809643101984.0	2296678125664910.5	2295329536150743.0	2291728611969091.0	2293158232616151.5	2291809643101984.0	2296678125664910.5	2295329536150743.0	2293158232616151.5	2296678125664910.5	2293158232616151.5	2296678125664910.5	2291347021498788.5	2294866914547547.5	2291347021498788.5	2294866914547547.5	2292975912575367.0	2292975912575367.0	2294324502089534.5	2292513290972171.5	2297096097464120.5	2297096097464120.5	2298444686978288.0	2296633475860925.0
7.37e-08	2290581360006729.5	2289294784109735.0	2291752177144461.5	2290465601247467.0	2293982600334412.5	2292696024437418.0	2289294784109735.0	2291752177144461.5	2290465601247467.0	2293982600334412.5	2292696024437418.0	2291752177144461.5	2293982600334412.5	2291752177144461.5	2293982600334412.5	2290024891121804.5	2292255314311756.0	2290024891121804.5	2292255314311756.0	2290320902804261.5	2290320902804261.5	2291607478701256.5	2289880192678599.5	2291268470912648.5	2291268470912648.5	2292555046809643.0	2290827760786986.0
9.28e-08	2289190187801468.5	2287911466964497.0	2290959643086058.5	2289680922249087.0	2291990722869396.0	2290712002032424.5	2287911466964497.0	2290959643086058.5	2289680922249087.0	2291990722869396.0	2290712002032424.5	2290959643086058.5	2291990722869396.0	2290959643086058.5	2291990722869396.0	2289242692670180.5	2290273772453518.0	2289242692670180.5	2290273772453518.0	2287717157623792.0	2287717157623792.0	2288995878460764.0	2287278928044885.5	2291106822076016.5	2291106822076016.5	2292385542912988.5	2290668592497110.5
1e-06	2290069741737196.0	2290069741737196.0	2290069741737196.0	2290069741737196.0	2290069741737196.0	2290069741737196.0	2290069741737196.0	2290069741737196.0	2290069741737196.0	2290069741737196.0	2290069741737196.0	2290069741737196.0	2290069741737196.0	2290069741737196.0	2290069741737196.0	2290069741737196.0	2290069741737196.0	2290069741737196.0	2290069741737196.0	2290069741737196.0	2290069741737196.0	2290069741737196.0	2290069741737196.0	2290069741737196.0	2290069741737196.0	2290069741737196.0	2290069741737196.0
