4B1_1A1	4B1_1B1	4B2_1A1	4B2_1B2	1A2_4B1	1A2_4B2	2A2_4B1	2A2_4B2	4A2_1B1	4A2_1B2	4A2_1A2	4A2_2A2
Intensities	2.442297237526308	2.399731072270771	2.4422926116846324	2.399728686647293	2.4422511355837155	2.4423912555821286	0.8272545165182088	0.8271154362216769	2.4925452779809025	2.4925474882729444	1.9201923999999997e-09	3.23998970400818
2e-08	1694928553677452.5	1898291470393985.8	1694928553677452.5	1898291470393985.8	1900543805056772.0	1900543805056772.0	1354085989800966.8	1354085989800966.8	1895084539407010.2	1895084539407010.2	1897336874069796.5	1350879058813991.2
2.0099999999999998e-08	1697352459359187.2	1899930283648183.0	1697352459359187.2	1899930283648183.0	1902309952945687.8	1902309952945687.8	1379282950324078.8	1379282950324078.8	1896526976198209.0	1896526976198209.0	1898906645495713.8	1375879642874104.8
2.0200000000000002e-08	1699820187995994.0	1901563308964653.8	1699820187995994.0	1901563308964653.8	1904075687410147.0	1904075687410147.0	1403594356355980.0	1403594356355980.0	1897944194120898.2	1897944194120898.2	1900456572566391.5	1399975241512224.5
2.03e-08	1702328432201595.2	1903185171830122.8	1702328432201595.2	1903185171830122.8	1905835633936877.0	1905835633936877.0	1427042532808059.5	1427042532808059.5	1899329991808188.5	1899329991808188.5	1901980453914942.8	1423187352786125.2
2.04e-08	1704872644306946.8	1904788844038192.0	1704873057731403.2	1904789257462648.5	1907581937465854.8	1907582350890311.2	1449649804572916.2	1449650217997372.8	1900678994751516.2	1900678994751516.2	1903472088179179.0	1445539955286240.5
2.0499999999999998e-08	1707449930340828.0	1906367710792811.8	1707449930340828.0	1906367710792811.8	1909308810064049.5	1909308810064049.5	1471436429439645.5	1471436429439645.5	1901986241852669.2	1901986241852669.2	1904927341123906.8	1467054960499503.0
2.0600000000000002e-08	1710054915789971.8	1907913090194437.0	1710054915789971.8	1907913090194437.0	1911007983242280.8	1911007983242280.8	1492420598065652.8	1492420598065652.8	1903245531754162.2	1903245531754162.2	1906340424802005.8	1487753039625377.8
2.07e-08	1712680572447974.8	1909416300338830.2	1712680572447974.8	1909416300338830.2	1912669121403174.2	1912669121403174.2	1512619260844364.0	1512619260844364.0	1904451076522962.0	1904451076522962.0	1907703897587306.0	1507654037028495.8
2.08e-08	1715317391556974.0	1910862871374619.2	1715317391556974.0	1910862871374619.2	1914278168119809.8	1914278168119809.8	1532044407075692.0	1532044407075692.0	1905590473429995.8	1905590473429995.8	1909005770175186.2	1526772009131068.5
2.09e-08	1717944701908116.0	1912238333455133.2	1717944701908116.0	1912238333455133.2	1915821066974682.0	1915821066974682.0	1550702651536885.0	1550702651536885.0	1906651733170653.0	1906651733170653.0	1910234466690201.8	1545116051252404.5
2.1000000000000003e-08	1720552994757635.2	1913517467721265.2	1720552994757635.2	1913517467721265.2	1917271772255064.0	1917271772255064.0	1568595234515421.0	1568595234515421.0	1907612117427873.0	1907612117427873.0	1911366421961671.8	1562689884222028.8
2.11e-08	1723108369309279.2	1914670507621350.2	1723108369309279.2	1914670507621350.2	1918599690565076.0	1918599690565076.0	1585712233814878.0	1585712233814878.0	1908447234177366.8	1908447234177366.8	1912376417121092.8	1579488960370894.5
2.12e-08	1725571963710892.2	1915656524176240.0	1725571963710892.2	1915656937600699.5	1919764306345317.5	1919764306345317.5	1602037525914250.0	1602037525914250.0	1909124009476509.5	1909124422900968.8	1913231791645587.0	1595505011214519.2
2.13e-08	1727908223473088.8	1916441203174620.0	1727908223473088.8	1916441203174620.0	1920730065111109.2	1920730065111109.2	1617554160401314.8	1617554160401314.8	1909622598979449.8	1909622598979449.8	1913911460915939.2	1610735556206144.5
2.1400000000000003e-08	1729994775059348.8	1916968318941741.5	1729994775059348.8	1916968318941741.5	1921441154616855.0	1921441154616855.0	1632230303635009.8	1632230303635009.8	1909902487117399.0	1909902487117399.0	1914375322792512.8	1625164471810667.2
2.15e-08	1731932493967215.5	1917199009606650.2	1731927946302867.0	1917194461942301.8	1921857886142687.5	1921853338478339.0	1646045284406484.0	1646040736742135.5	1909943416105954.5	1909943416105954.5	1914602292641991.5	1638789690905788.2
2.15e-08	1731932080542758.8	1917198596182193.8	1731927946302867.0	1917194875366761.0	1921857472718230.8	1921853338478339.0	1646045284406486.8	1646041150166594.8	1909943416105954.5	1909943829530413.8	1914602292641991.5	1638790104330247.5
2.16e-08	1733596526094623.2	1917080770310033.8	1733596526094623.2	1917080770310033.8	1921926514551206.5	1921926514551206.5	1658966442202265.2	1658966442202265.2	1909720580501071.2	1909720580501071.2	1914566324742244.0	1651606252393302.8
2.17e-08	1735009196348260.0	1916637166213159.0	1735009196348260.0	1916637166213159.0	1921670191588630.5	1921670191588630.5	1671035532864520.0	1671035532864520.0	1909345191388256.5	1909345191388256.5	1914378216763727.8	1663743558039617.2
2.1800000000000003e-08	1736003067958471.8	1915702827678062.8	1736003067958471.8	1915702827678062.8	1920922720758675.0	1920922720758675.0	1682105377398594.8	1682105377398594.8	1908424082426452.8	1908424082426452.8	1913643975507065.2	1674826632146984.8
2.19e-08	1736727387037513.2	1914430308198581.2	1736727387037513.2	1914430308198581.2	1919836242140111.8	1919836242140111.8	1692346306554760.8	1692346306554760.8	1907344632014298.0	1907344632014298.0	1912750565955828.5	1685260630370477.8
2.2000000000000002e-08	1737151146774447.2	1912793148642221.2	1737150733349990.8	1912793148642221.2	1918383469742134.2	1918383056317677.5	1701748398145998.0	1701747984721541.2	1905988600864567.0	1905989014289023.5	1911578921964480.0	1694943850368343.8
2.21e-08	1737309901639866.5	1910831451139222.8	1737309488215407.0	1910831037714763.5	1916602852011248.8	1916602438586789.5	1710367464431994.0	1710367051007534.8	1904376660181412.0	1904376660181412.0	1910148061053438.0	1703912673474183.2
2.2200000000000004e-08	1737248714866911.0	1908594826587088.5	1737248714866911.0	1908594826587088.5	1914544413260009.5	1914544413260009.5	1718270066698971.8	1718270066698971.8	1902535682521788.8	1902535682521788.8	1908485269194709.8	1712210922633672.0
2.23e-08	1737018437626461.5	1906141567792251.5	1737018024202002.2	1906141567792251.5	1912263965752803.2	1912263552328343.8	1725528554170882.8	1725528140746423.5	1900501222370376.8	1900501635794836.0	1906623620330928.5	1719888208749008.0
2.2400000000000002e-08	1736669094240471.2	1903528727287783.0	1736668680816012.0	1903528313863323.8	1909818562017989.0	1909818148593529.8	1732215276071678.8	1732214862647219.5	1898312141598146.8	1898312141598146.8	1904601976328352.8	1726998690382042.2
2.25e-08	1738398860800484.8	1900810877045887.8	1738398447376025.2	1900810463621428.5	1907260706919589.2	1907260293495129.8	1738398860800484.8	1738398447376025.2	1896008955759784.5	1896008955759784.5	1902458785633485.8	1733596939514381.5
2.2599999999999997e-08	1744143802525922.0	1898038041397924.0	1744143389101462.8	1898037627973464.8	1904640838199312.5	1904640424774853.2	1744143802525922.0	1744143389101462.8	1893631767009032.8	1893631767009032.8	1900234563810421.5	1739737528137031.0
2.27e-08	1749506740361301.8	1895254043298963.8	1749506740361301.8	1895254043298963.8	1902000711699340.0	1902000711699340.0	1749506740361301.8	1749506740361301.8	1891217783504919.5	1891217783504919.5	1897964451905295.5	1745470480567257.2
2.29e-08	1759282153938356.2	1889796017917878.8	1759282153938356.2	1889796017917878.8	1896800249549507.8	1896800249549507.8	1759282153938356.2	1759282153938356.2	1886414208525680.0	1886414208525680.0	1893418440157308.8	1755900344546157.2
2.2999999999999998e-08	1763776074246788.2	1887178629744361.0	1763776074246788.2	1887179043168820.2	1894294485890662.2	1894294485890662.2	1763776074246788.2	1763776074246788.2	1884080429305541.2	1884080842730000.5	1891196285451842.5	1760677873807968.5
2.3100000000000002e-08	1768052533463604.5	1884665424454647.5	1768052533463604.5	1884665424454647.5	1891879675542328.5	1891879675542328.5	1768052533463604.5	1768052533463604.5	1881823960398164.5	1881823960398164.5	1889038211485845.8	1765211069407121.8
2.32e-08	1772139644423825.5	1882271285305773.5	1772139644423825.5	1882271285305773.5	1889571115190699.2	1889571115190699.2	1772139644423825.5	1772139644423825.5	1879661752187577.5	1879661752187577.5	1886961582072503.2	1769530111305629.5
2.33e-08	1776060558883066.2	1880009855309586.2	1776060558883066.2	1880009855309586.2	1887380794145088.5	1887380794145088.5	1776060558883066.2	1776060558883066.2	1877609101378765.8	1877609101378765.8	1884980040214268.0	1773659804952245.8
2.3500000000000002e-08	1783481935460283.0	1875917369836095.5	1783481935460283.0	1875917783260554.8	1883384636490681.0	1883384636490681.0	1783481935460283.0	1783481935460283.0	1873874641204905.0	1873875054629364.2	1881341907859490.5	1781439206829092.5
2.36e-08	1787008856724850.0	1874109879534162.2	1787008856724850.0	1874110292958621.8	1881601124788580.5	1881601124788580.5	1787008856724850.0	1787008856724850.0	1872220117830659.0	1872220531255118.5	1879711363085077.2	1785119095021346.8
2.37e-08	1790433662227901.0	1872456596433297.2	1790433662227901.0	1872456596433297.2	1879955283327977.2	1879955283327977.2	1790433662227901.0	1790433662227901.0	1870705331810810.5	1870705331810810.5	1878204018705490.5	1788682397605414.2
2.3799999999999998e-08	1793775782904925.0	1870947598355876.0	1793775782904925.0	1870948011780335.2	1878437603336916.0	1878437603336916.0	1793775782904925.0	1793775782904925.0	1869321601245811.2	1869322014670270.5	1876811606226851.2	1792149785794860.2
2.4e-08	1800225612773922.5	1868397184888338.8	1800225612773922.5	1868397184888338.8	1875817321196878.5	1875817321196878.5	1800225612773922.5	1800225612773922.5	1866987822025675.2	1866987822025675.2	1874407958334215.0	1798816249911259.0
2.41e-08	1803346964968357.2	1867351635263031.8	1803346964968357.2	1867351635263031.8	1874711825071996.8	1874711825071996.8	1803346964968357.2	1803346964968357.2	1866036119677394.0	1866036119677394.0	1873396309486359.0	1802031449382719.5
2.4300000000000003e-08	1809422232573458.5	1865707860915325.5	1809422232573458.5	1865707860915325.5	1872897719983416.0	1872897719983416.0	1809422232573458.5	1809422232573458.5	1864556061283917.5	1864556061283917.5	1871745920352008.0	1808270432942050.5
2.44e-08	1812383589624398.0	1865101781137601.8	1812383589624398.0	1865101781137601.8	1872182082808615.0	1872182082808615.0	1812383589624398.0	1812383589624398.0	1864021503885928.0	1864021503885928.0	1871101805556941.2	1811303312372724.0
2.46e-08	1818175661700582.0	1864301392019176.2	1818175661700582.0	1864301805443635.5	1871117102247829.5	1871117102247829.5	1818175661700582.0	1818175661700582.0	1863347209124141.8	1863347622548601.0	1870162919352795.0	1817221478805547.8
2.4700000000000003e-08	1821012578092716.2	1864097160500853.0	1821012578092716.2	1864097160500853.0	1870759076952900.5	1870759076952900.5	1821012578092716.2	1821012578092716.2	1863198376436346.5	1863198376436346.5	1869860292888394.0	1820113794028209.8
2.49e-08	1826581814564011.8	1864055818087835.5	1826581814564011.8	1864056231512294.8	1870371698540170.5	1870371698540170.5	1826581814564011.8	1826581814564011.8	1863255842393869.2	1863256255818328.5	1869571722846204.2	1825781838870045.5
2.5e-08	1829319095736687.5	1864208785015525.5	1829319095736687.5	1864209198439985.0	1870333663518129.2	1870333663518129.2	1829319095736687.5	1829319095736687.5	1863452632276628.5	1863453045701088.0	1869577510779232.2	1828562942997790.5
2.52e-08	1834708079284791.2	1864836362846323.5	1834708079284791.2	1864837189695242.0	1870549470916606.2	1870549470916606.2	1834708079284791.2	1834708079284791.2	1864158760693566.5	1864159587542485.2	1869871868763849.5	1834030477132034.5
2.5400000000000002e-08	1839994120227167.0	1865860000998795.2	1839994120227167.0	1865860827843013.0	1871127851279067.5	1871127851279067.5	1839994120227167.0	1839994120227167.0	1865249786981179.8	1865250613825397.2	1870517637261451.8	1839383906209551.2
2.55e-08	1842600759374148.0	1866507423184835.5	1842600759374148.0	1866507836609294.8	1871542102253443.0	1871542102253443.0	1842600759374148.0	1842600759374148.0	1865927389129238.0	1865927802553697.5	1870962068197845.8	1842020725318550.5
2.57e-08	1847749956928643.2	1868050322044406.0	1847749956928643.2	1868051148893324.5	1872604602272173.8	1872604602272173.8	1847749956928643.2	1847749956928643.2	1867525273394877.2	1867526100243795.8	1872079553622645.0	1847224908279114.2
2.59e-08	1852816883076864.5	1869893780241385.8	1852816883076864.5	1869894193665845.0	1873953191786341.2	1873953191786341.2	1852816883076864.5	1852816883076864.5	1869416688796220.2	1869417102220679.8	1873476100341176.0	1852339791631699.2
2.61e-08	1857807325765943.2	1872002243309882.8	1857807325765943.2	1872002656734342.0	1875561411654060.8	1875561411654060.8	1857807325765943.2	1857807325765943.2	1871567321126650.8	1871567734551110.0	1875126489470829.0	1857372403582711.2
2.63e-08	1862725832655529.8	1874344291014506.5	1862725832655529.8	1874345117863425.2	1877403216162605.5	1877403216162605.5	1862725832655529.8	1862725832655529.8	1873946576999699.0	1873947403848617.8	1877005502147797.8	1862328118640722.2
2.65e-08	1867574884292374.2	1876890570237448.0	1867574884292374.2	1876890983661907.5	1879454626698039.2	1879454626698039.2	1867574884292374.2	1867574884292374.2	1876525930155874.0	1876526343580333.2	1879089986616465.0	1867210244210800.0
2.67e-08	1872358614911675.8	1879614621841532.0	1872358614911675.8	1879615448690450.5	1881694972070307.2	1881694972070307.2	1872358614911675.8	1872358614911675.8	1879278508024139.0	1879279334873057.5	1881358858252914.2	1872022501094282.8
2.69e-08	1877077851371746.8	1882492053793061.2	1877077851371746.8	1882492880641979.8	1884102754207533.8	1884102754207533.8	1877077851371746.8	1877077851371746.8	1882181985693093.5	1882182812542012.2	1883792686107566.2	1876767783271779.2
2.71e-08	1881734247361030.8	1885500541194744.5	1881734247361030.8	1885501368043663.0	1886659369037262.2	1886659369037262.2	1881734247361030.8	1881734247361030.8	1885213624850389.2	1885214451699307.8	1886372452692907.0	1881447331016675.5
2.7400000000000004e-08	1888605356424910.2	1890220604503734.2	1888605356424910.2	1890221431352652.8	1890741105484210.8	1890741105484210.8	1888605356424910.2	1888605356424910.2	1889963868116699.0	1889964694965617.5	1890484369097175.5	1888348620037875.0
2.76e-08	1893109612335420.2	1893476319539290.8	1893109612335420.2	1893476732963750.0	1893597866231584.5	1893597866231584.5	1893109612335420.2	1893109612335420.2	1893237360389899.8	1893237773814359.0	1893358907082193.5	1892870653186029.0
2.7900000000000002e-08	1899753338115964.8	1898488673701204.5	1899753338115964.8	1898489087125664.0	1899753338115964.8	1899753338115964.8	1898056232060027.5	1898056232060027.5	1898272452882966.5	1898272866307425.8	1899537117297726.8	1897840011241789.2
2.81e-08	1904107934489760.8	1901896942239992.0	1904107934489760.8	1901897769084209.5	1904107934489760.8	1904107934489760.8	1901125079385747.2	1901125079385747.2	1901694364419506.0	1901695191263723.5	1903905356669274.8	1900922501565261.5
2.84e-08	1910527997825903.0	1907081280845313.5	1910527997825903.0	1907082107694232.0	1910527997825903.0	1910527997825903.0	1905845142690036.0	1905845142690036.0	1906896066833311.2	1906896893682229.8	1910342783813901.0	1905659928678034.0
2.8700000000000002e-08	1916813284891757.8	1912323498827918.5	1916813284891757.8	1912324325676837.2	1916813284891757.8	1916813284891757.8	1910674763391401.8	1910674763391401.8	1912153581511505.8	1912154408360424.2	1916643367575344.8	1910504846074989.0
2.89e-08	1920928508696404.2	1915835536821355.5	1920928508696404.2	1915836363670274.0	1920928508696404.2	1920928508696404.2	1913940400604582.2	1913940400604582.2	1915674714833642.5	1915675541682561.0	1920767686708691.2	1913779578616869.2
2.92e-08	1926988479610617.2	1921112895854786.8	1926988479610617.2	1921113722703705.5	1926988479610617.2	1926988479610617.2	1918887020333888.0	1918887020333888.0	1920963649747233.2	1920964476596151.8	1926839233503063.8	1918737774226334.2
2.96e-08	1934895216122188.0	1928154749084000.5	1934895216122188.0	1928155575932919.0	1934895216122188.0	1934895216122188.0	1925550177059313.2	1925550177059313.2	1928018732545038.8	1928019559393957.2	1934759199583226.2	1925414160520351.5
2.99e-08	1940633543060980.5	1933382497224635.8	1940633543060980.5	1933383324073554.5	1940633543060980.5	1940633543060980.5	1930547647954798.0	1930547647954798.0	1933254749165455.2	1933255576014374.0	1940505795001799.8	1930419899895617.5
3.02e-08	1946232132645378.5	1938561874741146.8	1946232132645378.5	1938562701590065.2	1946232132645378.5	1946232132645378.5	1935533956403984.8	1935533956403984.8	1938441154893073.2	1938441981741991.8	1946111412797305.0	1935413236555911.5
3.06e-08	1953483591906185.0	1945374690998587.8	1953483591906185.0	1945375517847506.2	1953483591906185.0	1953483591906185.0	1942140887445265.5	1942140887445265.5	1945261826210537.2	1945262653059455.8	1953370727118134.5	1942028022657215.0
3.09e-08	1958753095884294.5	1950394486796067.8	1958753095884294.5	1950395313644986.5	1958753095884294.5	1958753095884294.5	1947042030516966.0	1947042030516966.0	1950286583096828.0	1950287409945746.5	1958645192185054.5	1946934126817726.0
3.13e-08	1965558470510867.2	1956955527764680.8	1965558470510867.2	1956956354608898.2	1965558470510867.2	1965558470510867.2	1953485659028478.8	1953485659028478.8	1956852998578710.8	1956853825422928.2	1965455941324897.2	1953383129842508.8
3.17e-08	1972116617498868.5	1963346237978324.0	1972116617498868.5	1963347064827242.5	1972116617498868.5	1972116617498868.5	1959794924694168.8	1959794924694168.8	1963247843036944.2	1963248669885862.8	1972018222557488.8	1959696529752789.0
3.2200000000000004e-08	1979948110815269.8	1971079749777804.8	1979948110815269.8	1971080576626723.2	1979948110815269.8	1979948110815269.8	1967480892718446.5	1967480892718446.5	1970985902500776.2	1970986729349695.0	1979854263538241.2	1967387045441418.0
3.26e-08	1985927877454910.2	1977047113688369.8	1985927877454910.2	1977047940537288.5	1985927877454910.2	1985927877454910.2	1973442055266823.0	1973442055266823.0	1976955333528936.8	1976956160377855.5	1985836097295477.2	1973350275107390.0
3.31e-08	1993046627563027.2	1984216714972060.2	1993046627563027.2	1984217541820978.8	1993046627563027.2	1993046627563027.2	1980636875419025.5	1980636875419025.5	1984127415359383.0	1984128242208301.8	1992957327950350.2	1980547575806348.5
3.3599999999999996e-08	1999773038179003.5	1991054336678252.2	1999773038179003.5	1991055576951627.5	1999773038179003.5	1999773038179003.5	1987529069111522.5	1987529069111522.5	1990966277338953.0	1990967517612328.2	1999684978839704.2	1987441009772223.2
3.42e-08	2007333325271098.0	1998809346530810.0	2007333325271098.0	1998810173379728.5	2007333325271098.0	2007333325271098.0	1995378339665570.8	1995378339665570.8	1998722114040426.5	1998722940889345.2	2007246092780714.8	1995291107175187.2
3.48e-08	2014345825377809.8	2006067007153802.2	2014345825377809.8	2006068247422479.2	2014345825377809.8	2014345825377809.8	2002753826165421.5	2002753826165421.5	2005980188087881.0	2005981428356557.8	2014259006311888.5	2002667007099500.0
3.54e-08	2020830796302340.0	2012834760178092.2	2020830796302340.0	2012828145391447.0	2020830796302340.0	2020830796302340.0	2009649740673351.0	2009649740673351.0	2012747527687711.5	2012740912901066.5	2020743563811959.5	2009562508182970.2
3.61e-08	2027740353808022.0	2020098622167974.0	2027740353808022.0	2020098622167974.0	2027740353808022.0	2027740353808022.0	2017083933404105.0	2017083933404105.0	2020010562828674.8	2020010562828674.8	2027652294468722.5	2016995874064805.8
3.6800000000000005e-08	2033966107798761.0	2026704726355637.8	2033966107798761.0	2026704726355637.8	2033966107798761.0	2033966107798761.0	2023864916001690.5	2023864916001690.5	2026615426742960.5	2026615426742960.5	2033876808186084.0	2023775616389013.2
3.76e-08	2040294390975470.2	2033477853897895.8	2040294390975470.2	2033477853897895.8	2040294390975470.2	2040294390975470.2	2030839381095760.2	2030839381095760.2	2033386900592082.2	2033386900592082.2	2040203437669657.0	2030748427789947.0
3.85e-08	2046469293800033.0	2040154240196616.8	2046469293800033.0	2040154240196616.8	2046469293800033.0	2046469293800033.0	2037737362725986.5	2037737362725986.5	2040061219768506.8	2040061219768506.8	2046376273371923.2	2037644342297876.5
3.95e-08	2052250616849677.5	2046477975708974.5	2052250616849677.5	2046477975708974.5	2052250616849677.5	2052250616849677.5	2044295509718688.5	2044295509718688.5	2046383715007486.8	2046383715007486.8	2052156356148189.5	2044201249017200.8
4.05e-08	2057001686964903.0	2051745412560089.2	2057001686964903.0	2051745412560089.2	2057001686964903.0	2057001686964903.0	2049780821090576.8	2049780821090576.8	2051649911585223.5	2051649911585223.5	2056906185990037.2	2049685320115711.0
4.17e-08	2061499328088767.8	2056818126650738.0	2061499328088767.8	2056818126650738.0	2061499328088767.8	2061499328088767.8	2055090840632782.2	2055090840632782.2	2056722625675872.5	2056722625675872.5	2061403827113902.2	2054995339657916.5
4.3099999999999996e-08	2065330529510869.5	2061248793063918.5	2065330529510869.5	2061248793063918.5	2065330529510869.5	2065330529510869.5	2059762533312952.0	2059762533312952.0	2061155772635808.5	2061155772635808.5	2065237509082759.8	2059669512884842.0
4.46e-08	2068048379752767.5	2064519804790366.0	2068048379752767.5	2064519804790366.0	2068048379752767.5	2068048379752767.5	2063250179286795.2	2063250179286795.2	2064432985724442.0	2064432985724442.0	2067961560686843.5	2063163360220871.2
4.64e-08	2069814941066142.5	2066847796077474.0	2069814941066142.5	2066847796077474.0	2069814941066142.5	2069814941066142.5	2065793151118766.2	2065793151118766.2	2066772966306766.5	2066772966306766.5	2069740111295435.0	2065718321348058.8
4.85e-08	2070509493602923.8	2068004970217453.5	2070509493602923.8	2068005383641913.0	2070509493602923.8	2070509493602923.8	2067123963395292.2	2067123963395292.2	2067948744538010.0	2067949157962469.2	2070453267923480.0	2067067737715848.5
5.11e-08	2070056380757588.5	2067973136557598.0	2070056380757588.5	2067973549982057.2	2070056380757588.5	2070056380757588.5	2067247163785420.5	2067247163785420.5	2067942543171123.0	2067942956595582.5	2070025787371113.5	2067216570398945.5
5.4299999999999997e-08	2068564746488653.8	2066809347626275.0	2068564746488653.8	2066809761050734.2	2068564746488653.8	2068564746488653.8	2066202027579874.5	2066202027579874.5	2066805626810842.5	2066806040235301.8	2068561025673221.0	2066198306764441.8
5.8499999999999994e-08	2066261974079449.2	2064767445843997.8	2066261974079449.2	2064767445843997.8	2066261974079449.2	2066261974079449.2	2064252732801250.2	2064252732801250.2	2064783155964046.2	2064783155964046.2	2066277684199497.8	2064268442921299.0
6.440000000000001e-08	2063790938046973.5	2062442348532806.0	2063790938046973.5	2062442348532806.0	2063790938046973.5	2063790938046973.5	2061979726929610.2	2061979726929610.2	2062461779468284.5	2062461779468284.5	2063810368982452.0	2061999157865089.0
7.37e-08	2061901589772627.8	2060615013875633.2	2061901589772627.8	2060615013875633.2	2061901589772627.8	2061901589772627.8	2060174303749971.0	2060174303749971.0	2060627416600007.5	2060627416600007.5	2061913992497002.0	2060186706474345.2
9.28e-08	2061250860186215.0	2059972139349243.2	2061250860186215.0	2059972139349243.2	2061250860186215.0	2061250860186215.0	2059533909770336.8	2059533909770336.8	2059979167560347.5	2059979167560347.5	2061257888397319.2	2059540937981441.2
