R	7A1_1A1	8A1_1A1	1B1_7A1	1B1_8A1	9B1_1A1	9B1_1B1	1B2_7A1	1B2_8A1	9B2_1A1	9B2_1B2	1A2_9B1	1A2_9B2	2A2_9B1	2A2_9B2	9A2_1B1	9A2_1B2	9A2_1A2	9A2_2A2
Intensities	32.67323199570683	1.7872246402695412e-10	8.195351183007062	24.218238777893486	8.55111858261206	8.604504086964402	8.195467161501135	24.218121456444436	8.551126609351208	8.604507367308997	8.583685018184934	8.582265811468725	24.37897828161456	24.38038881760158	8.127705870772912	8.127700219030705	32.548616508211275	1.939144871341126e-08
2.0	8863.327105599994	11264.647316799994	11752.3528659	14153.6730771	9583.473845799992	12472.499606099998	11752.3528659	14153.6730771	9583.473845799992	12472.499606099998	9583.473845799992	9583.473845799992	12484.456583899999	12484.456583899999	12475.62492480001	12475.62492480001	9586.599164500003	12487.58190260001
2.01	9022.733724000005	11275.2896416	11786.696255899995	14039.25217349999	9608.86267090001	12372.825202799999	11786.696255899995	14039.25217349999	9608.86267090001	12372.825202799999	9608.86267090001	9608.86267090001	12385.4581625	12385.4581625	12375.702515199999	12375.702515199999	9611.739983300009	12388.3354749
2.02	9176.831251299998	11286.250204700002	11820.400974899996	13929.8199283	9636.6415749	12280.211298499999	11820.400974899996	13929.8199283	9636.6415749	12280.211298499999	9636.6415749	9636.6415749	12293.548771799993	12293.548771799993	12282.818657099997	12282.818657099997	9639.2489335	12296.156130399992
2.03	9325.722840300004	11297.518032199994	11853.423127700007	13825.218319599997	9667.117822	12194.818109400003	11853.423127700007	13825.218319599997	9667.117822	12194.818109400003	9667.117822	9667.117822	12208.8886279	12208.8886279	12197.131372000003	12197.131372000003	9669.4310846	12211.2018905
2.04	9469.507254600001	11309.088734599994	11885.705651000011	13725.287131000005	9700.631597999993	12116.829994400003	11885.705651000011	13725.287131000005	9700.631597999993	12116.829994400003	9700.631597999993	9700.631597999993	12131.6577004	12131.6577004	12118.835992500011	12118.835992500011	9702.637596100001	12133.663698500008
2.05	9608.27667359999	11320.949143599995	11917.198065599994	13629.8705356	9737.547230700002	12046.468622700006	11917.198065599994	13629.8705356	9737.547230700002	12046.468622700006	9737.547230700002	9737.547230700002	12062.08204790001	12062.08204790001	12048.149798400002	12048.149798400002	9739.228406399998	12063.763223600006
2.06	9742.105718799998	11333.097064400004	11947.832334499995	13538.823680100002	9778.222463999991	11983.949079699989	11947.832334499995	13538.823680100002	9778.222463999991	11983.949079699989	9778.222463999991	9778.222463999991	12000.378950499988	12000.378950499988	11985.303238099994	11985.303238099994	9779.576622399996	12001.733108899993
2.07	9871.0734009	11345.521523200005	11977.551394299997	13451.9995166	9822.995288400009	11929.473281800005	11977.551394299997	13451.9995166	9822.995288400009	11929.473281800005	9822.995288400009	9822.995288400009	11946.741545600002	11946.741545600002	11930.498228299999	11930.498228299999	9824.020234900003	11947.766492099996
2.08	9995.23897810001	11358.220325300004	12006.274038999996	13369.255386199991	9872.087373700007	11883.122434599994	12006.274038999996	13369.255386199991	9872.087373700007	11883.122434599994	9872.087373700007	9872.087373700007	11901.253233800002	11901.253233800002	11883.829142999995	11883.829142999995	9872.794082100008	11901.959942200003
2.09	10114.69243499999	11371.226391899996	12033.978321599992	13290.512278499999	9925.647962399991	11844.933848999994	12033.978321599992	13290.512278499999	9925.647962399991	11844.933848999994	9925.647962399991	9925.647962399991	11863.9535205	11863.9535205	11845.3376823	11845.3376823	9926.051795699997	11864.357353800006
2.1	10229.653246199989	11384.443154199995	12060.743252699991	13215.533160699997	9983.622185999993	11814.712192499996	12060.743252699991	13215.533160699997	9983.622185999993	11814.712192499996	9983.622185999993	9983.622185999993	11834.642683700004	11834.642683700004	11814.832903499992	11814.832903499992	9983.74289699999	11834.7633947
2.11	10339.649541199993	11397.903533100005	12085.9916142	13144.245606100012	10045.700584999999	11792.042658000006	12085.9916142	13144.245606100012	10045.700584999999	11792.042658000006	10045.700584999999	10045.700584999999	11812.901526799993	11812.901526799993	11791.90219420001	11791.90219420001	10045.560121200004	11812.761062999998
2.12	10444.960053000003	11411.607529100002	12109.870453900003	13076.517930000002	10111.095245799996	11776.005646699996	12109.872648699995	13076.520124799994	10111.095245799996	11776.007841499988	10111.095245799996	10111.095245799996	11797.812645999991	11797.812645999991	11775.621566100002	11775.623760899995	10110.711165200002	11797.428565399998
2.13	10545.565028600002	11425.541973400002	12132.2678399	13012.2447847	10183.831332900008	11770.534144200006	12132.2678399	13012.2447847	10183.831332900008	11770.534144200006	10183.831332900008	10183.831332900008	11793.302442300002	11793.302442300002	11766.4497214	11766.4497214	10179.746910100002	11789.218019499996
2.14	10641.453494400004	11439.759539799998	12153.04330840001	12951.349353800004	10251.725809700001	11763.315623700008	12153.04330840001	12951.349353800004	10251.725809700001	11763.315623700008	10251.725809700001	10251.725809700001	11787.060583900005	11787.060583900005	11762.48820430001	11762.48820430001	10250.898390300004	11786.233164500009
2.15	10745.81729620001	11476.928342800005	12185.292136200005	12916.4031828	10324.920598800003	11764.395438799998	12185.292136200005	12916.4031828	10324.918404099997	11764.393244099992	10324.920598800003	10324.918404099997	11789.1280348	11789.125840099994	11763.350739599991	11763.350739599991	10323.875899599996	11788.083335599993
2.16	10818.690231899993	11468.719217299993	12188.942773599993	12838.971758999993	10399.315914199993	11769.568455899993	12188.942773599993	12838.971758999993	10399.315914199993	11769.568455899993	10399.315914199993	10399.315914199993	11795.293077299997	11795.293077299997	11768.306476699989	11768.306476699989	10398.053934999989	11794.031098099993
2.17	10899.860729099993	11483.5052231	12203.687079299998	12787.331573300005	10534.646165800004	11838.472516000009	12203.687079299998	12787.331573300005	10534.643970999998	11838.470321200002	10534.646165800004	10534.643970999998	11865.191357400006	11865.1891626	11836.9339988	11836.9339988	10533.107648599995	11863.652840199997
2.18	10975.8889356	11498.482171900003	12215.988632199995	12738.581868499998	10549.526545700006	11789.6262423	12215.988632199995	12738.581868499998	10549.526545700006	11789.6262423	10549.526545700006	10549.526545700006	11817.3371091	11817.3371091	11787.898976899989	11787.898976899989	10547.799280299994	11815.60984369999
2.19	11046.629998400007	11513.643479300008	12225.6082053	12692.6216862	10624.435431599995	11803.413638499987	12225.6082053	12692.6216862	10624.435431599995	11803.413638499987	10624.435431599995	10624.435431599995	11832.112141099991	11832.112141099991	11801.427393099992	11801.427393099992	10622.4491862	11830.125895699995
2.2	11111.943453500004	11528.982561099998	12232.317544800011	12649.356652400005	10698.725399100003	11819.09949040001	12232.319739500002	12649.358847099997	10698.725399100003	11819.101685100002	10698.725399100003	10698.725399100003	11848.776849800008	11848.776849800008	11816.830122700005	11816.832317399996	10696.456031399997	11846.507482100002
2.21	11171.7459007	11544.486248999994	12235.949849900004	12608.690198199998	10772.117715399989	11836.321664599993	12235.949849900004	12608.690198199998	10772.115520599997	11836.3194698	10772.117715399989	10772.115520599997	11866.960322999992	11866.9581282	11833.736253399999	11833.736253399999	10769.532304199995	11864.374911799998
2.22	11226.0395346	11560.147958600006	12236.417330800003	12570.525754800008	10844.377542600007	11854.755338800009	12236.417330800003	12570.525754800008	10844.377542600007	11854.755338800009	10844.377542600007	10844.377542600007	11886.339932800009	11886.339932800009	11851.825352400003	11851.825352400003	10841.4475562	11883.409946400003
2.23	11274.960429700004	11575.956716300003	12233.781440499995	12534.777727099994	10915.324911500007	11874.145922299998	12233.783635300002	12534.7799219	10915.324911500007	11874.148117100005	10915.324911500007	10915.324911500007	11906.647920300005	11906.647920300005	11870.827465900002	11870.829660700008	10912.00645510001	11903.329463900009
2.24	11318.798292199994	11591.905937500007	12228.250679799996	12501.35832510001	10984.812774000005	11894.265161600008	12228.250679799996	12501.35832510001	10984.812774000005	11894.265161600008	10984.812774000005	10984.812774000005	11927.656031799997	11927.656031799997	11890.509950699998	11890.509950699998	10981.057563099996	11923.900820899988
2.25	11357.9898769	11607.986843699997	12220.187181900008	12470.184148700006	11052.7226141	11914.919919100008	12220.187181900008	12470.184148700006	11052.720419299992	11914.917724300001	11052.7226141	11052.720419299992	11949.160156099999	11949.157961299992	11910.670890199995	11910.670890199995	11048.473585199987	11944.911127199986
2.26	11393.07070180001	11624.188460900012	12210.049648800006	12441.167407900008	11118.957862700001	11935.936809699997	12210.049648800006	12441.167407900008	11118.955667900009	11935.934614900005	11118.957862700001	11118.955667900009	11970.989102799998	11970.986908000006	11931.128120499998	11931.128120499998	11114.149173500002	11966.1804136
2.27	11424.6157904	11640.502010199998	12198.3450668	12414.2312866	11183.439509000003	11957.168785400005	12198.3450668	12414.2312866	11183.439509000003	11957.168785400005	11183.439509000003	11183.439509000003	11992.98485020001	11992.98485020001	11951.730204000007	11951.730204000007	11178.000927600006	11987.546268800012
2.29	11479.304478699996	11673.427594199995	12172.163938099999	12366.287053599997	11306.885209399989	11999.74466879999	12172.163938099999	12366.287053599997	11306.885209399989	11999.74466879999	11306.885209399989	11306.885209399989	12036.928060599996	12036.928060599996	11992.776349299995	11992.776349299995	11299.916889899992	12029.9597411
2.3	11503.400598299995	11690.019876199993	12158.508226699996	12345.127504599994	11365.730747099995	12020.838375499996	12158.510421400002	12345.1296993	11365.728552400004	12020.83837550001	11365.730747099995	11365.728552400004	12058.614348799994	12058.612154100003	12012.9548468	12012.957041500005	11357.847218399998	12050.730820099998
2.31	11525.868216200004	11706.715311299995	12144.931526100001	12325.778621199992	11422.559313100006	12041.622623000003	12144.931526100001	12325.778621199992	11422.559313100006	12041.622623000003	11422.559313100006	11422.559313100006	12079.920945900012	12079.920945900012	12032.738289999994	12032.738289999994	11413.674980099997	12071.036612900003
2.32	11546.959728200003	11723.448057100002	12131.616000299997	12308.104329199996	11477.25019620001	12061.906468300003	12131.616000299997	12308.104329199996	11477.25019620001	12061.906468300003	11477.25019620001	11477.25019620001	12100.659103700003	12100.659103700003	12052.001578199997	12052.001578199997	11467.345306100004	12090.754213599997
2.33	11566.942893200001	11740.237866299998	12118.778929100008	12292.073902200005	11529.329331099987	12081.165366999994	12118.778929100008	12292.073902200005	11529.329331099987	12081.165366999994	11529.329331099987	11529.329331099987	12120.295498799998	12120.295498799998	12070.628389999998	12070.628389999998	11518.792354099991	12109.758521800002
2.35	11604.308449000004	11773.946974700011	12095.020800500002	12264.65932620001	11632.458265000008	12123.170616500007	12095.022995199994	12264.661520900001	11632.458265000008	12123.172811199998	11632.458265000008	11632.458265000008	12162.812124100004	12162.812124100004	12105.518272000001	12105.520466699993	11614.805920500003	12145.159779599999
2.36	11621.967377699999	11790.853105499991	12084.360917700003	12253.246645499996	11678.313099499996	12140.7066395	12084.36311240001	12253.248840200002	11678.313099499996	12140.708834200006	11678.313099499996	11678.313099499996	12180.475442399998	12180.475442399998	12121.601372899997	12121.603567600003	11659.207832899992	12161.370175799995
2.37	11639.075425100003	11807.7745994	12074.51089630001	12243.210070600006	11722.499926699995	12157.9353979	12074.51089630001	12243.210070600006	11722.499926699995	12157.9353979	11722.499926699995	11722.499926699995	12197.743706299996	12197.743706299996	12136.66830630001	12136.66830630001	11701.232835100003	12176.476614700005
2.38	11655.720380999992	11824.744377799987	12065.4026991	12234.426695899994	11764.755377199996	12174.437695300003	12065.404893800005	12234.4288906	11764.755377199996	12174.439890000009	11764.755377199996	11764.755377199996	12214.199913999997	12214.199913999997	12150.646645400004	12150.64884010001	11740.964327299997	12190.408864099998
2.4	11687.84488260001	11858.618092200006	12049.747573800007	12220.520783400003	11842.978329999998	12204.881021199995	12049.747573800007	12220.520783400003	11842.978329999998	12204.881021199995	11842.978329999998	11842.978329999998	12244.27232779999	12244.27232779999	12175.383631000004	12175.383631000004	11813.480939800007	12214.7749376
2.41	11703.414412900005	11875.530807200004	12043.19625600001	12215.31265030001	11878.974364199996	12218.7562073	12043.19625600001	12215.31265030001	11878.974364199996	12218.7562073	11878.974364199996	11878.974364199996	12257.829275700002	12257.829275700002	12186.21909340001	12186.21909340001	11846.437250300005	12225.292161800011
2.43	11733.8028701	11909.329900199999	12032.606605100009	12208.133635200007	11945.110849100005	12243.914584100014	12032.606605100009	12208.133635200007	11945.110849100005	12243.914584100014	11945.110849100005	11945.110849100005	12282.083417000002	12282.083417000002	12210.435924100006	12210.435924100006	11911.632189099997	12248.604756999994
2.44	11748.648134100004	11926.174578100006	12028.513403300007	12206.03984730001	11975.448827300002	12255.314096500006	12028.513403300007	12206.03984730001	11975.448827300002	12255.314096500006	11975.448827300002	11975.448827300002	12292.901321600002	12292.901321600002	12213.7434068	12213.7434068	11933.878137599997	12251.330631899997
2.46	11777.759248999995	11959.732248999993	12022.627093699994	12204.600093699992	12031.316094299997	12276.183938999995	12022.6292885	12204.602288499998	12031.316094299997	12276.186133800002	12031.316094299997	12031.316094299997	12312.366526500002	12312.366526500002	12229.187836499987	12229.190031299993	11984.319991799988	12265.370423999993
2.47	11792.009736799999	11976.381594400009	12020.7330277	12205.10488530001	12057.137284600001	12285.860575500003	12020.7330277	12205.10488530001	12057.137284600001	12285.860575500003	12057.137284600001	12057.137284600001	12321.2267174	12321.2267174	12236.41952560001	12236.41952560001	12007.696234700008	12271.785667500008
2.49	11820.163942300002	12009.603469199996	12019.102331100003	12208.541857999997	12105.246123499994	12304.184512299995	12019.10452590001	12208.544052800004	12105.246123499994	12304.186707100002	12105.246123499994	12105.246123499994	12337.713651599988	12337.713651599988	12250.4220069	12250.424201700007	12051.4836181	12283.951146199994
2.5	11834.0413232	12026.1167404	12019.260352900004	12211.335770100006	12127.788362699997	12313.007392400003	12019.262547700011	12211.337964900013	12127.788362699997	12313.00958720001	12127.788362699997	12127.788362699997	12345.522558800003	12345.522558800003	12257.359599999996	12257.361794800003	12072.140570299991	12289.874766399997
2.52	11861.425172800009	12058.910639599999	12021.367309400011	12218.852776200001	12170.401556900004	12330.343693500006	12021.37169890001	12218.8571657	12170.401556900004	12330.348083000004	12170.401556900004	12170.401556900004	12360.672892599992	12360.672892599992	12271.3971973	12271.401586799999	12111.455060699998	12301.726396399987
2.54	11888.363488799994	12091.3753268	12025.677791099995	12228.689629100001	12210.313018300003	12347.627320600004	12025.682180499993	12228.694018499998	12210.313018300003	12347.631710000001	12210.313018300003	12210.313018300003	12375.592777900005	12375.592777900005	12285.926417900002	12285.9308073	12148.6121156	12313.891875200003
2.55	11901.676819899993	12107.462817199994	12028.590219499994	12234.376216799996	12229.4314533	12356.344852900002	12028.592414199986	12234.378411499987	12229.4314533	12356.347047599993	12229.4314533	12229.4314533	12383.072473299995	12383.072473299995	12293.432450199994	12293.434644899986	12166.519050599993	12320.160070599988
2.57	11928.018165000001	12139.376623200005	12035.786792600004	12247.145250800007	12266.281243699996	12374.049871299998	12035.791182100002	12247.149640300006	12266.281243699996	12374.054260799996	12266.281243699996	12266.281243699996	12398.227196499996	12398.227196499996	12308.997591000007	12309.001980500005	12201.228963400004	12333.174916200005
2.59	11953.992987499994	12170.888790600002	12044.649178099993	12261.5449812	12301.557400999998	12392.213591599997	12044.6513729	12261.547176000007	12301.557400999998	12392.215786400004	12301.557400999998	12301.557400999998	12413.7638056	12413.7638056	12325.319919100002	12325.322113900009	12234.663728500003	12346.870133100005
2.61	11979.618845199991	12201.986150799989	12054.975459399997	12277.342764999994	12335.514515699993	12410.871129899999	12054.977654200004	12277.3449598	12335.514515699993	12410.873324700005	12335.514515699993	12335.514515699993	12429.765700799995	12429.765700799995	12342.375292600002	12342.377487400008	12267.018678399996	12361.269863499998
2.63	12004.913296400002	12232.657730399995	12066.5922516	12294.336685599992	12368.3413362	12430.020291399996	12066.596641099997	12294.34107509999	12368.3413362	12430.024680899995	12368.3413362	12368.3413362	12446.259219300002	12446.259219300002	12360.111037499999	12360.115426999997	12298.432082300002	12376.349965400004
2.65	12029.876340799994	12262.872802699989	12079.330559099995	12312.32702099999	12400.173936499996	12449.628154799997	12079.332753900002	12312.329215799997	12400.173936499996	12449.630349600004	12400.173936499996	12400.173936499996	12463.239971400006	12463.239971400006	12378.461311299994	12378.4635061	12329.007092999993	12392.073127900003
2.67	12054.521147000007	12292.633562500007	12093.04113930001	12331.15355480001	12431.117664599995	12469.637656899999	12093.045528800008	12331.157944300008	12431.117664599995	12469.642046399997	12431.117664599995	12431.117664599995	12480.68162029999	12480.68162029999	12397.338324299999	12397.342713799997	12358.818331999995	12408.382287699991
2.69	12078.895999400003	12321.986099500005	12107.638396900002	12350.728497000004	12461.249336499997	12489.991733999996	12107.6427864	12350.732886500002	12461.247141800006	12489.993928800002	12461.249336499997	12461.247141800006	12498.542465599996	12498.540270900005	12416.665260099995	12416.669649599993	12387.922862599997	12425.215991699995
2.71	12102.906523900005	12350.814092200002	12122.900662700005	12370.808231000003	12490.621626200009	12510.61576500001	12122.905052200003	12370.8126205	12490.621626200009	12510.620154500008	12490.621626200009	12490.621626200009	12516.767638899997	12516.767638899997	12436.356524000003	12436.3609135	12416.362385200002	12442.50839789999
2.74	12138.329729200006	12393.16830630001	12146.904603000003	12401.743180100006	12533.35992100001	12541.934794800007	12146.9089925	12401.747569600004	12533.357726200004	12541.936989499998	12533.35992100001	12533.357726200004	12544.6979804	12544.695785599994	12466.422353600006	12466.426743100004	12457.84747980001	12469.1855392
2.76	12161.550145000001	12420.813330699995	12163.496885	12422.760070699995	12561.013724300006	12562.960464300006	12163.499079700006	12422.7622654	12561.013724300006	12562.962659000012	12561.013724300006	12561.013724300006	12563.605719700005	12563.605719700005	12486.697419899996	12486.699614600002	12484.750679899997	12487.342675299995
2.79	12195.781603100011	12461.3876056	12189.067874100001	12454.67387659999	12601.2939032	12594.58017419999	12189.070068900008	12454.676071399997	12601.291708500008	12594.580174300005	12601.2939032	12601.291708500008	12592.284469599996	12592.282274900004	12517.303157000002	12517.305351800009	12524.016886000012	12515.007452400008
2.81	12218.200936499998	12487.845272199993	12206.4634333	12476.107768999995	12627.371878699996	12615.634375499998	12206.467822799998	12476.112158499993	12627.371878699996	12615.638764999996	12627.371878699996	12627.371878699996	12611.536784199998	12611.536784199998	12537.751608299994	12537.755997799992	12549.489111499992	12533.654016999993
2.84	12251.220894600003	12526.648386800007	12232.923294699998	12508.350786900002	12665.356352999996	12647.058753099991	12232.927684199996	12508.3551764	12665.356352999996	12647.063142599989	12665.356352999996	12665.356352999996	12640.496461599992	12640.496461599992	12568.361734999999	12568.366124499997	12586.659334900003	12561.7994435
2.87	12283.5012232	12564.395828399996	12259.666278399993	12540.560883599988	12701.999837099997	12678.164892299988	12259.67066789999	12540.565273099986	12701.999837099997	12678.169281799986	12701.999837099997	12701.999837099997	12669.412244099993	12669.412244099993	12598.761165999997	12598.765555499995	12622.596110800005	12590.0085178
2.89	12304.603708900002	12588.983571200006	12277.566629199995	12561.946491499999	12725.694318299997	12698.65723859999	12277.571018699993	12561.950880999997	12725.694318299997	12698.661628099988	12725.694318299997	12725.694318299997	12688.596521499989	12688.596521499989	12618.838705100003	12618.8430946	12645.87578480001	12608.777988000002
2.92	12335.630837299992	12625.001552799993	12304.439102799995	12593.809818299997	12760.136471899998	12728.944737400001	12304.443492299994	12593.814207799995	12760.134277199992	12728.946932199993	12760.136471899998	12760.134277199992	12717.128223399995	12717.12602869999	12648.588491200004	12648.592880700002	12679.7802257	12636.771977199998
2.96	12376.01636390001	12671.63991160001	12340.23322020001	12635.856767900012	12804.204782800007	12768.421639100008	12340.237609700009	12635.86115740001	12804.204782800007	12768.426028600006	12804.204782800007	12804.204782800007	12754.594737499996	12754.594737499996	12687.507927300001	12687.5123168	12723.291071	12673.681025699989
2.99	12405.230631999992	12705.267814399995	12366.73697659999	12666.774158999993	12835.530396799993	12797.036741399992	12366.741366099988	12666.778548499991	12835.530396799993	12797.04113089999	12835.530396799993	12835.530396799993	12781.987366000001	12781.987366000001	12715.820154599991	12715.824544099989	12754.313809999992	12700.7707792
3.02	12433.652596500004	12737.888328600005	12392.933468400006	12697.169200500008	12865.488683699994	12824.769555599996	12392.937857900004	12697.173590000006	12865.488683699994	12824.773945099994	12865.488683699994	12865.488683699994	12808.695233699997	12808.695233699997	12743.355441699998	12743.359831199996	12784.074569799996	12727.281119799998
3.06	12470.304859700002	12779.832125200002	12427.257105800003	12736.784371300004	12903.269046600006	12860.221292700007	12427.261495300001	12736.788760800002	12903.269046600006	12860.225682200005	12903.269046600006	12903.269046600006	12843.053987100007	12843.053987100007	12778.717194099998	12778.721583599996	12821.764947999996	12761.549888499998
3.09	12496.859095299995	12810.1349874	12452.4857146	12765.761606700005	12929.9308247	12885.557444000005	12452.490104099998	12765.765996200003	12929.928629899994	12885.559638699997	12929.9308247	12929.928629899994	12867.760246200007	12867.7580514	12804.123577299993	12804.127966799992	12848.496957999989	12786.326379499995
3.13	12530.998374000003	12849.017112900008	12485.327898200005	12803.34663710001	12963.168062600002	12917.497586800004	12485.332287700003	12803.351026600008	12963.168062600002	12917.501976300002	12963.168062600002	12963.168062600002	12899.077081099997	12899.077081099997	12836.36001090001	12836.364400400009	12882.030486700009	12817.939505200004
3.17	12563.682535899992	12886.167583499991	12517.123187799996	12839.608235399995	12993.688204699996	12947.1288566	12517.127577299994	12839.612624899994	12993.688204699996	12947.133246099998	12993.688204699996	12993.688204699996	12928.275985900007	12928.275985900007	12866.524603999991	12866.52899349999	12913.083952099987	12847.671733299998
3.22	12602.481260899993	12930.181025699989	12555.401758099993	12883.10152289999	13027.74627769999	12980.66677489999	12555.406147600006	12883.105912400002	13027.74627769999	12980.671164400002	13027.74627769999	13027.74627769999	12961.561508300001	12961.561508300001	12901.091858299988	12901.0962478	12948.171361099987	12881.986591699999
3.26	12631.875498099995	12963.466548099997	12584.730152799995	12916.321202799998	13051.603170000002	13004.457824700003	12584.734542299993	12916.325592299996	13051.603170000002	13004.4622142	13051.603170000002	13051.603170000002	12985.319637000008	12985.319637000008	12925.99783919999	12926.002228699988	12973.14318449999	12906.859651499995
3.31	12666.559073900004	13002.649353799992	12619.683682500006	12955.773962399995	13077.033695399994	13030.158303999997	12619.688072000004	12955.778351899993	13077.033695399994	13030.162693499995	13077.033695399994	13077.033695399994	13011.153995799992	13011.153995799992	12958.3527893	12958.357178799997	13005.228180699996	12939.348481099994
3.36	12698.973282000006	13039.174321800005	12652.68827720001	12992.889317000008	13097.5326259	13051.247621100003	12652.6948615	12992.895901299999	13097.534820600005	13051.2564001	13097.5326259	13097.534820600005	13032.533019399998	13032.535214100004	12995.481312400007	12995.487896699997	13041.766317200003	12976.766710700002
3.42	12734.910057899993	13079.469863799997	12689.658778700003	13034.218584600007	13115.924599799997	13070.673320600006	12689.6631682	13034.222974100005	13115.926794600004	13070.679904900011	13115.924599799997	13115.926794600004	13052.459121099993	13052.4613159	13036.821553700007	13036.825943200005	13082.072832899998	13018.607354199994
3.48	12767.660062199997	13115.887289100006	12723.710267599992	13071.937494500002	13128.728749699992	13084.778955099988	12723.716851799996	13071.944078700006	13128.728749699992	13084.785539299992	13128.728749699992	13128.728749699992	13067.19025819999	13067.19025819999	13074.538268899996	13074.5448531	13118.4880635	13056.949571999998
3.54	12797.337421699995	13148.424403099998	12754.888833499994	13105.975814899997	13138.8882304	13096.439642199999	12754.853717599995	13105.940698999999	13138.8882304	13096.4045263	13138.8882304	13138.8882304	13079.531316699999	13079.531316699999	13108.570005000001	13108.534889100003	13151.018593200002	13091.6616795
3.61	12828.147270300004	13181.380713499995	12787.579579600002	13140.813022799994	13153.628146599993	13113.060455899991	12787.579579600002	13140.813022799994	13153.6259518	13113.058261099999	13153.628146599993	13153.6259518	13097.056365899989	13097.054171099997	13143.378681300004	13143.378681300004	13183.946372000006	13127.374591300002
3.68	12855.004380700004	13208.861131900005	12816.455856699991	13170.312607899992	13174.015144900011	13135.466620899999	12816.455856699991	13170.312607899992	13174.015144900011	13135.466620899999	13174.015144900011	13174.015144900011	13120.390908500005	13120.390908500005	13172.8365662	13172.8365662	13211.385090200012	13157.760853800006
3.76	12881.152588199999	13233.549833099998	12844.965611200008	13197.362856100008	13198.528266399997	13162.341289400007	12844.965611200008	13197.362856100008	13198.52607159999	13162.3390946	13198.528266399997	13198.52607159999	13148.334418500002	13148.332223699996	13199.809998199999	13199.809998199999	13235.996975199989	13185.803127299994
3.85	12905.1938391	13252.788979100005	12871.669089399991	13219.264229399996	13221.790382300009	13188.2656326	12871.669089399991	13219.264229399996	13221.790382300009	13188.2656326	13221.790382300009	13221.790382300009	13175.435145700001	13175.435145700001	13221.5840762	13221.5840762	13255.10882590001	13208.753589300002
3.95	12925.852985999998	13263.920732399987	12895.20774340001	13233.275489799998	13239.497595499997	13208.852352900009	12895.20774340001	13233.275489799998	13239.497595499997	13208.852352900009	13239.497595499997	13239.497595499997	13197.266287200007	13197.266287200007	13235.432925400004	13235.432925400004	13266.078167999993	13223.846859700003
4.05	12940.902361400003	13265.103700499996	12912.998357000004	13237.199696099997	13247.760815300004	13219.856810900004	12912.998357000004	13237.199696099997	13247.760815300004	13219.856810900004	13247.760815300004	13247.760815300004	13209.42737650001	13209.42737650001	13239.1727731	13239.1727731	13267.076777499999	13228.743338700006
4.17	12952.68814910001	13255.499490800008	12927.837036700002	13230.648378400001	13245.603379699998	13220.752267299991	12927.837036700002	13230.648378400001	13245.618742999999	13220.767630599992	13245.603379699998	13245.618742999999	13211.582617299995	13211.597980599996	13232.393201700004	13232.393201700004	13257.244314100011	13223.223551700008
4.31	12959.537952299987	13233.200868399988	12937.869222099995	13211.532138199997	13229.030850399999	13207.362120200007	12937.869222099995	13211.532138199997	13229.030850399999	13207.362120200007	13229.030850399999	13229.030850399999	13199.472007200005	13199.472007200005	13213.0377342	13213.0377342	13234.706464399991	13205.147621199998
4.46	12960.7779839	13201.390215499996	12942.045824200002	13182.658055799999	13199.476396700004	13180.744237000006	12942.045824200002	13182.658055799999	13199.476396700004	13180.744237000006	13199.476396700004	13199.476396700004	13174.004171099994	13174.004171099994	13183.9595404	13183.9595404	13202.691700099997	13177.219474499987
4.64	12956.643081800008	13158.873590200004	12940.8913876	13143.121895999997	13155.64731310001	13139.895618900002	12940.8913876	13143.121895999997	13155.64731310001	13139.895618900002	13155.64731310001	13155.64731310001	13134.296821100012	13134.296821100012	13144.239021799993	13144.239021799993	13159.990716	13138.640224000002
4.85	12948.076987000008	13110.352138900009	12934.781214000002	13097.056365900004	13102.670526900009	13089.374753900003	12934.783408700008	13097.05856060001	13102.670526900009	13089.37694860001	13102.670526900009	13102.670526900009	13084.697749500003	13084.697749500003	13098.037417500003	13098.03961220001	13111.333190500009	13093.360413100003
5.11	12935.560348900006	13057.1844098	12924.501022299999	13046.125083199993	13042.953674799995	13031.894348199989	12924.503217100006	13046.127278	13042.953674799995	13031.896542999995	13042.953674799995	13042.953674799995	13028.040373700002	13028.040373700002	13046.989813299995	13046.992008100002	13058.049139900002	13043.135838800008
5.43	12920.947728	13005.1381961	12911.628835199997	12995.819303299999	12984.639265699996	12975.320372899994	12911.631030000004	12995.821498100006	12984.639265699996	12975.322567700001	12984.639265699996	12984.639265699996	12972.096290599991	12972.096290599991	12996.528206400006	12996.530401200012	13005.847099200008	12993.304124100003
5.85	12905.503298299998	12956.583823699999	12897.569290499989	12948.64981589999	12933.5806877	12925.64667989999	12897.569290499989	12948.64981589999	12933.5806877	12925.64667989999	12933.5806877	12933.5806877	12922.914220699997	12922.914220699997	12949.3960296	12949.3960296	12957.33003740001	12946.663570400007
6.44	12891.898066000009	12916.090754500008	12884.738803600005	12908.931492100004	12897.49027960001	12890.331017200006	12884.738803600005	12908.931492100004	12897.49027960001	12890.331017200006	12897.49027960001	12897.49027960001	12887.875096100004	12887.875096100004	12909.607473900003	12909.607473900003	12916.766736300007	12907.151552800002
7.37	12881.99537070001	12887.326409500005	12875.165320200002	12880.496358999997	12877.98995870001	12871.159908200003	12875.165320200002	12880.496358999997	12877.992153500003	12871.162102999995	12877.98995870001	12877.992153500003	12868.8203087	12868.822503499992	12881.091135199997	12881.091135199997	12887.921185700005	12878.751535699994
9.28	12871.008470700006	12880.597317299995	12864.220120400001	12873.80896699999	12871.9873276	12865.198977299995	12864.220120400001	12873.80896699999	12871.989522300006	12865.201172000001	12871.9873276	12871.989522300006	12862.8725462	12862.874740900006	12866.136134	12866.136134	12872.924484300005	12863.809702900006
