R	8B1_4B1	8B2_4B2	4A2_8B1	4A2_8B2	8A2_4B1	8A2_4B2	8A2_4A2
Intensities	9.63012377682593e-06	9.63012377682593e-06	1.7912362521282485e-06	1.7912362521282485e-06	1.8264438172430862e-06	1.8264438172430862e-06	4.08608887861692e-05
2e-08	542514162470112.56	542514162470112.56	545721093457088.06	545721093457088.06	569119245587211.4	569119245587211.4	572326176574186.9
2.0099999999999998e-08	518755504498307.1	518755504498307.1	522158811948281.2	522158811948281.2	545380018546186.25	545380018546186.25	548783325996160.25
2.0200000000000002e-08	495927050826399.06	495927050826399.06	499546165670154.6	499546165670154.6	522572236078436.4	522572236078436.4	526191350922191.9
2.03e-08	474003995991547.6	474003995991547.6	477859176013481.9	477859176013481.9	500671919574737.94	500671919574737.94	504527099596672.2
2.04e-08	452963601686094.1	452963188261637.56	457073450972769.8	457073450972769.8	479655503869117.0	479655090444660.44	483765353155792.7
2.0499999999999998e-08	432783129569486.1	432783129569486.1	437164598509628.8	437164598509628.8	459500664045477.8	459500664045477.8	463882132985620.44
2.0600000000000002e-08	413443148710946.1	413443148710946.1	418110707151221.06	418110707151221.06	440187969182442.1	440187969182442.1	444855527622717.0
2.07e-08	394925468453066.3	394925468453066.3	399890692268934.56	399890692268934.56	421699642037662.0	421699642037662.0	426664865853530.25
2.08e-08	377216032364235.75	377216032364235.75	382488430308859.2	382488430308859.2	404021626184227.75	404021626184227.75	409294024128851.2
2.09e-08	360308225671912.6	360308225671912.6	365894825956392.94	365894825956392.94	387146893425135.4	387146893425135.4	392733493709615.7
2.1000000000000003e-08	344199154400175.25	344199154400175.25	350104504693567.5	350104504693567.5	371073376623987.94	371073376623987.94	376978726917380.2
2.11e-08	328896260184598.3	328896260184598.3	335119533628581.75	335119533628581.75	355808930854911.6	355808930854911.6	362032204298895.0
2.12e-08	314416079984741.44	314416079984741.44	320948594684472.1	320948594684472.1	341368852794691.5	341368852794691.5	347901367494422.25
2.13e-08	300773083656674.75	300773083656674.75	307591687851844.9	307591687851844.9	327768852577479.5	327768852577479.5	334587456772649.6
2.1400000000000003e-08	298886215924386.6	298886215924386.6	305952047748729.06	305952047748729.06	315039937004810.4	315039937004810.4	322105768829152.8
2.15e-08	298858929928882.3	298863064173472.6	306114523429578.2	306114110009819.94	303201537007464.44	303206084671812.94	310457130508160.3
2.15e-08	298858929933580.6	298863064173472.6	306114110009819.94	306114110009819.94	303201950431921.0	303206084671812.94	310457130508160.3
2.16e-08	299951609909631.5	299951609909631.5	307311799718593.94	307311799718593.94	299713891033618.3	299713891033618.3	307074080842580.75
2.17e-08	313374664599326.4	313374251174867.1	320666639424229.1	320666225999769.8	313084854283758.75	313084854283758.75	320376829108661.5
2.1800000000000003e-08	305107835675233.9	305107835675233.9	312386580926843.75	312386580926843.75	304782470884378.0	304782470884378.0	312061216135987.9
2.19e-08	308977485543838.9	308977485543838.9	316063161728121.94	316063161728121.94	308603336704401.9	308603336704401.9	315689012888684.94
2.2000000000000002e-08	313569387369191.5	313569800793648.06	320373935146845.75	320373935146845.75	313141906816822.1	313142320241278.7	319946454594476.4
2.21e-08	318775224027589.75	318775224027587.0	325230014985400.56	325229601560938.56	318288210400102.25	318288623824561.56	324743001357913.06
2.2200000000000004e-08	324484197857980.75	324484197857980.75	330543341923280.5	330543341923280.5	323932276642105.25	323932276642105.25	329991420707405.0
2.23e-08	330590058849562.4	330590472274021.7	336230404271437.06	336230404271437.06	329964961565517.6	329965374989976.94	335605306987392.4
2.2400000000000002e-08	336992758367821.5	336993171792280.8	342209344057457.8	342209344057457.8	336285389677505.6	336285803101964.94	341501975367141.94
2.25e-08	343601343106936.56	343601343106936.56	348403264393039.8	348402850968580.5	342800953988510.8	342801367412970.1	347602875274614.06
2.2599999999999997e-08	350333128236182.56	350333128236182.56	354739402625073.7	354738989200614.4	349427315965272.75	349427729389732.06	353833590354163.9
2.27e-08	357116591380523.75	357116591380523.75	361152851174568.2	361152851174568.2	356092126379135.94	356092126379135.94	360128386173180.3
2.29e-08	370594631480985.44	370594631480985.44	373976440873184.4	373976440873184.4	369282009866565.5	369282009866565.5	372663819258764.44
2.2999999999999998e-08	377185438977758.06	377185025557999.8	380283639416577.8	380283225996819.56	375700419500169.5	375700419500169.5	378798619938989.25
2.3100000000000002e-08	383613770793684.3	383613770793684.3	386455234850167.1	386455234850167.1	381940229913117.44	381940229913117.44	384781693969600.25
2.32e-08	389828775757881.0	389828775757881.0	392438308876077.06	392438308876077.06	387962992654207.6	387962992654207.6	390572525772403.75
2.33e-08	395718002506768.0	395718002506768.0	398118756437588.6	398118756437588.6	393733153252858.4	393733153252858.4	396133907183679.0
2.3500000000000002e-08	401159904348046.0	401159904348046.0	403202632979236.56	403202632979236.56	404397842145961.25	404397842145961.25	406440570777151.75
2.36e-08	401372817775310.75	401372817775310.75	403262579478813.94	403262579478813.94	409234904478192.4	409234904478192.4	411124666181695.6
2.37e-08	401602268166844.4	401602268166844.4	403353532789331.1	403353532789331.1	413726344239868.75	413726344239868.75	415477608862355.44
2.3799999999999998e-08	401903240933408.4	401903240933408.4	403529238043473.1	403529238043473.1	417868440610856.56	417868440610856.56	419494437720921.3
2.4e-08	402692881025299.8	402692881025299.8	404102243887963.4	404102243887963.4	425078557458645.8	425078557458645.8	426487920321309.3
2.41e-08	403177827530488.06	403177827530488.06	404493343116125.9	404493343116125.9	428165182022007.1	428165182022007.1	429480697607644.94
2.4300000000000003e-08	404292005564316.8	404292005564316.8	405443805195724.8	405443805195724.8	433399544949290.4	433399544949290.4	434551344580698.4
2.44e-08	404908420948819.3	404908420948819.3	405988698200493.2	405988698200493.2	434581524538018.44	434581524538018.44	435661801789692.3
2.46e-08	406232205014235.6	406232205014235.6	407186387909269.94	407186387909269.94	435110294002979.94	435110294002979.94	436064476898014.25
2.4700000000000003e-08	406930064946691.3	406930064946691.3	407828849011197.8	407828849011197.8	435419121829566.9	435419121829566.9	436317905894073.4
2.49e-08	408376635982483.0	408376222558023.7	409176611676449.44	409176198251990.1	436107473008866.2	436107473008866.2	436907448702832.6
2.5e-08	409117905450249.94	409117905450249.94	409874058189146.9	409874058189146.9	436480381570224.2	436480381570224.2	437236534309121.2
2.52e-08	410621942438860.5	410621942438860.5	411299544591617.3	411299544591617.3	437267954544517.44	437267954544517.44	437945556697274.25
2.5400000000000002e-08	412136728454010.9	412136728454010.9	412746942471626.6	412746942471626.6	438096456502667.75	438096456502667.75	438706670520283.5
2.55e-08	412892467768448.56	412892467768448.56	413472501824045.9	413472501824045.9	438520629659362.7	438520629659362.7	439100663714960.06
2.57e-08	414393610785846.75	414393610785846.75	414918659435375.6	414918659435375.6	439382205550743.75	439382205550743.75	439907254200272.56
2.59e-08	415870361788355.2	415870361788355.2	416347453233520.44	416347453233520.44	440251223077691.25	440251223077691.25	440728314522856.5
2.61e-08	417313625428469.75	417313212004010.44	417748547611701.75	417748134187242.44	441118586902100.44	441118586902100.44	441553509085332.4
2.63e-08	418715960080026.2	418715960080026.2	419113674094833.75	419113674094833.75	441976441973350.5	441976441973350.5	442374155988158.06
2.65e-08	420073231503140.75	420072818078681.44	420437871584714.8	420437458160255.5	442819413778171.56	442819413778171.56	443184053859745.6
2.67e-08	421380892028750.1	421380478604290.8	421717005846143.0	421716592421683.75	443642127798592.7	443642127798592.7	443978241615985.6
2.69e-08	422637287963729.06	422636874539269.8	422947356063696.7	422946942639237.4	444442103492561.8	444442103492561.8	444752171592529.44
2.71e-08	423840765610229.5	423840765610229.5	424127681954584.8	424127681954584.8	445216860313317.75	445216860313317.75	445503776657673.0
2.7400000000000004e-08	425545313301733.3	425544899877276.75	425802049688768.56	425801636264312.0	446325663833879.3	446325663833879.3	446582400220914.56
2.76e-08	426616495224710.2	426616495224710.2	426855454374101.25	426855454374101.25	447029725128520.75	447029725128520.75	447268684277911.9
2.7900000000000002e-08	428126320155748.25	428126320155748.25	428342540973986.4	428342540973986.4	448030624954538.0	448030624954538.0	448246845772776.06
2.81e-08	429070580873161.44	429070580873161.44	429273158693647.4	429273158693647.4	448661096751852.6	448661096751852.6	448863674572338.56
2.84e-08	430397258909795.6	430397258909795.6	430582472921797.75	430582472921797.75	449552852600553.75	449552852600553.75	449738066612555.9
2.8700000000000002e-08	431622234609378.3	431621821184916.25	431792151925791.1	431791738501329.06	450380527714486.5	450380527714486.5	450550445030899.3
2.89e-08	432385002130219.25	432385002130219.25	432545824117932.25	432545824117932.25	450898548148207.1	450898548148207.1	451059370135920.1
2.92e-08	433454116935600.6	433454116935600.6	433603363043154.2	433603363043154.2	451625761198466.4	451625761198466.4	451775007306019.94
2.96e-08	434748547887917.1	434748547887917.1	434884564426878.94	434884564426878.94	452508421713763.9	452508421713763.9	452644438252725.7
2.99e-08	435628314436703.3	435628314436703.3	435756062495883.9	435756062495883.9	453107886704839.8	453107886704839.8	453235634764020.4
3.02e-08	436436145190695.44	436436145190695.44	436556865038768.9	436556865038768.9	453656913949500.25	453656913949500.25	453777633797573.7
3.06e-08	437406038201074.7	437406038201074.7	437518902989125.2	437518902989125.2	454310537502427.1	454310537502427.1	454423402290477.6
3.09e-08	438065449691728.06	438065449691728.06	438173353390967.94	438173353390967.94	454752074477005.25	454752074477005.25	454859978176245.2
3.13e-08	438855503203377.75	438855503203377.75	438958032389347.75	438958032389347.75	455275055999539.25	455275055999539.25	455377585185509.25
3.17e-08	439545921504968.06	439545921504968.06	439644316446347.8	439644316446347.8	455721140638468.6	455721140638468.6	455819535579848.3
3.2200000000000004e-08	440282229883927.1	440282643308386.44	440376077160955.6	440376490585414.9	456184589090582.8	456184589090582.8	456278436367611.25
3.26e-08	440766762964658.8	440767176389118.1	440858543124091.8	440858956548551.1	456477706797126.56	456477706797126.56	456569486956559.56
3.31e-08	441233932232205.7	441234345656665.0	441323231844882.9	441323645269342.1	455814161071279.5	455814161071279.5	455903460683956.7
3.3599999999999996e-08	441522502279096.5	441522915703555.75	441610561618395.75	441610975042855.06	453304676592297.6	453304676592297.6	453392735931596.94
3.42e-08	441560123871980.2	441560123871980.2	441647356362363.56	441647356362363.56	449585099684868.6	449585099684868.6	449672332175252.0
3.48e-08	441067735735926.6	441067735735926.6	441154554801847.94	441154554801847.94	445070094747818.94	445070094747818.94	445156913813740.3
3.54e-08	439592225011497.1	439592225011497.1	439679457501877.8	439679457501877.8	439788601474495.6	439788601474495.6	439875833964876.3
3.61e-08	435641130585536.9	435641130585536.9	435729189924836.1	435729189924836.1	432773207387169.4	432773207387169.4	432861266726468.7
3.6800000000000005e-08	429072234566297.6	429072234566297.6	429161534178974.8	429161534178974.8	425043002983360.25	425043002983360.25	425132302596037.44
3.76e-08	419787555427462.3	419787555427462.3	419878508733275.6	419878508733275.6	415643391938876.3	415643391938876.3	415734345244689.6
3.85e-08	408596577620854.8	408596577620854.8	408689598048964.7	408689598048964.7	404791835340635.06	404791835340635.06	404884855768744.94
3.95e-08	396261655242859.56	396261655242859.56	396355915944347.3	396355915944347.3	392916640594623.0	392916640594623.0	393010901296110.75
4.05e-08	384657666730553.44	384657666730553.44	384753167705419.1	384753167705419.1	381688868044050.44	381688868044050.44	381784369018916.1
4.17e-08	372278507968331.06	372279748241709.0	372374008943196.75	372375249216574.7	369546601308925.4	369546601308925.4	369642102283791.06
4.3099999999999996e-08	360558347272302.8	360558347272302.8	360651367700412.6	360651367700412.6	357669752869777.1	357669752869777.1	357762773297887.0
4.46e-08	351632520277312.4	351632520277312.4	351719339343236.5	351719339343236.5	347929893758606.1	347929893758606.1	348016712824530.25
4.64e-08	345497306172631.0	345497306172631.0	345572135943338.5	345572135943338.5	340115764255389.7	340115764255389.7	340190594026097.2
4.85e-08	342653774998552.75	342653774998552.75	342710000677996.44	342710000677996.44	335202218459314.94	335202218459314.94	335258444138758.6
5.11e-08	342124592109131.94	342124592109131.94	342155185495606.9	342155185495606.9	333008590018029.8	333008590018029.8	333039183404504.75
5.4299999999999997e-08	342664937449546.3	342664937449546.3	342668658264979.0	342668658264979.0	333056960642148.9	333056960642148.9	333060681457581.56
5.8499999999999994e-08	342998984149349.25	342998984149349.25	342983274029300.6	342983274029300.6	334531644517662.44	334531644517662.44	334515934397613.8
6.440000000000001e-08	342150637831255.56	342150637831255.56	342131206895777.0	342131206895777.0	336534271009216.2	336534271009216.2	336514840073737.6
7.37e-08	340302631960528.0	340302631960528.0	340290229236153.75	340290229236153.75	338183833289950.44	338183833289950.44	338171430565576.2
9.28e-08	338407495748455.94	338407495748455.94	338400467537351.6	338400467537351.6	339675054134428.56	339675054134428.56	339668025923324.2
1e-06	338827672473409.3	338827672473409.3	338827672473409.3	338827672473409.3	338827672473409.3	338827672473409.3	338827672473409.3
