R	4B1_5A1	4B1_6A1	7B1_4B1	4B2_5A1	4B2_6A1	7B2_4B2	4A2_7B1	4A2_7B2	7A2_4B1	7A2_4B2
Intensities	5.5075592223577055e-06	1.4441068644811894e-06	8.813812652560861e-05	5.5075592223577055e-06	1.4440457802802981e-06	8.813812652560861e-05	1.1457273097436508e-06	1.1457273097436508e-06	1.5057752982267183e-06	1.5057752982267183e-06
2.0	3010.755169099997	24.190493699992658	626.501304999998	3010.755169099997	24.190493699992658	626.501304999998	643.5259521000116	643.5259521000116	3021.2855617999885	3021.2855617999885
2.01	2884.752589200012	27.083169300007285	643.4666939000017	2884.752589200012	27.083169300007285	643.4666939000017	661.5338455000019	661.5338455000019	2895.2610344999994	2895.2610344999994
2.02	2763.699162299992	30.24360399998841	658.4765638999961	2763.699162299992	30.24360399998841	658.4765638999961	677.6893730000011	677.6893730000011	2774.181270599991	2774.181270599991
2.03	2647.4632035999966	33.693745199998375	671.2631559000001	2647.4632035999966	33.693745199998375	671.2631559000001	691.7291650999978	691.7291650999978	2657.918974900007	2657.918974900007
2.04	2535.9196123	37.459929799995734	681.530178999994	2535.917417600009	37.457735100004356	681.5279843000026	703.3481520000059	703.3481520000059	2546.349046699994	2546.3468520000024
2.05	2428.9542618999985	41.57288439999684	688.9506162999896	2428.9542618999985	41.57288439999684	688.9506162999896	712.2105375999963	712.2105375999963	2439.352969899992	2439.352969899992
2.06	2326.457414900011	46.06553010000789	693.2128136000101	2326.457414900011	46.06553010000789	693.2106188000034	717.9914992999984	717.9893044999917	2336.82759120001	2336.82759120001
2.07	2228.3412816000055	50.983956500000204	694.0534014000004	2228.3412816000055	50.983956500000204	694.0534014000004	720.4123045000015	720.4123045000015	2238.6785366999975	2238.6785366999975
2.08	2134.5312405000004	56.38742199999979	691.3341108000022	2134.5312405000004	56.38742199999979	691.3341108000022	719.3237102999992	719.3237102999992	2144.831184900002	2144.831184900002
2.09	2045.0075389999984	62.36371619999409	685.1383419999911	2045.0075389999984	62.36371619999409	685.1361472999997	714.7959486999898	714.7937539999984	2055.24822519999	2055.24822519999
2.1	1959.7153082000004	69.03135540000221	675.7689700000046	1959.7153082000004	69.03135540000221	675.7689700000046	707.1187261000014	707.1187261000014	1969.9186838000023	1969.9186838000023
2.11	1878.7181960999878	76.54616669999086	663.8163816999877	1878.7181960999878	76.54616669999086	663.8163816999877	696.8538976999989	696.8538976999989	1888.8842608999985	1888.8842608999985
2.12	1802.0996026999928	85.11226149999129	650.0860487999889	1802.0996026999928	85.11226149999129	650.0860487999889	684.7652350999997	684.7652350999997	1812.2261620999925	1812.2261620999925
2.13	1729.9451233	94.92936170000758	635.6336444000044	1729.9451233	94.92936170000758	635.6314496999985	671.8315950999968	671.8294003999908	1740.0277878000052	1740.0277878000052
2.14	1662.4457009000034	106.26742119999835	621.4687518999999	1662.4457009000034	106.26742119999835	621.4687518999999	658.9791608999949	658.9791608999949	1672.4537440999993	1672.4537440999993
2.15	1552.6535172000004	120.56619320000755	608.6360702000093	1552.6776593999966	120.59033540000382	608.6558229000075	647.153867800007	647.1494783000089	1609.6071837000054	1609.6313259000017
2.16	1541.7500175999885	134.44576889999735	598.1166511999909	1541.7500175999885	134.44576889999735	598.1144563999987	637.1897195999918	637.1875247999997	1551.6592971999926	1551.6592971999926
2.17	1488.5252249999903	151.40237869998964	591.2756268999947	1488.5252249999903	151.40237869998964	591.2734321999887	629.986562200007	629.9843675000011	1454.8051428999897	1454.8051428999897
2.18	1440.7521822999988	171.11120049998863	586.7171388999996	1440.7521822999988	171.11120049998863	586.7127494000015	625.3578422999999	625.3534528000018	1450.5561139999918	1450.5561139999918
2.19	1397.5222645999893	192.7557885999995	586.622764899992	1397.5222645999893	192.7557885999995	586.618375399994	624.2385216999974	624.2341321999993	1407.2669380999869	1407.2669380999869
2.2	1358.8815611000027	216.47660650000034	590.3779757000011	1358.8837559000094	216.47880130000704	590.3757810000097	626.5013050999987	626.4969156000006	1368.5691712999978	1368.5713661000045
2.21	1324.5337815999956	242.05637469999783	597.8028024999949	1324.5359763000015	242.05856940000376	597.8028024000087	632.069376399988	632.0671815999958	1334.1577440999972	1334.1599388000031
2.22	1294.1211820000026	269.22733389999485	608.5746172999934	1294.1211820000026	269.22733389999485	608.5702277999953	640.7408190999995	640.7364296000014	1303.677107399999	1303.677107399999
2.23	1267.2552926000062	297.6756354000099	622.2742237000057	1267.2574873999984	297.67783020000206	622.2720289999997	652.2171474999923	652.2127579999942	1276.7387914000137	1276.7409862000059
2.24	1243.5498378000048	327.09620949999953	638.451698600009	1243.552032599997	327.09840429999167	638.4495040000038	666.1450074000022	666.1406180000049	1252.9587152000022	1252.9609099999943
2.25	1222.6361004000064	357.1971551000024	656.6571193000127	1222.6382950999978	357.1993497999938	656.6549244999915	682.1490976000059	682.1447080999933	1231.9659669000102	1231.9681616000016
2.26	1204.171699700004	387.7063233999943	676.462509799996	1204.1738944000099	387.7085181000002	676.4603150000039	699.8541158000007	699.8497263000027	1213.4159710999957	1213.4181658000016
2.27	1187.8537610000058	418.3888767000026	697.4903742000024	1187.8537610000058	418.3888767000026	697.4859847000043	718.9176823000016	718.9132928000035	1197.0102426000085	1197.0102426000085
2.29	1160.6081803999987	479.4950031999906	741.9098444999981	1160.6081803999987	479.4950031999906	741.9032602999941	759.8628692000057	759.8562850000017	1169.5715243000013	1169.5715243000013
2.3	1149.2459787999978	509.61131180000666	764.7681272000045	1149.2459787999978	509.61131180000666	764.7637377000065	781.2155560000101	781.211166500012	1158.101780099998	1158.101780099998
2.31	1139.1677038000053	539.2776976000023	787.7778474000079	1139.1677038000053	539.2776976000023	787.7734579000098	802.8623387999978	802.8579492999997	1147.8918203000067	1147.8918203000067
2.32	1130.188996699988	568.399786199996	810.7678148999985	1130.188996699988	568.399786199996	810.7678148999985	824.6210535999999	824.6210535999999	1138.7945968999993	1138.7945968999993
2.33	1122.2023149000015	596.9117354000045	833.6107344000047	1122.2023149000015	596.9117354000045	833.6107344000047	846.3556262000056	846.3556262000056	1130.6784251000063	1130.6784251000063
2.35	1108.7924150000035	651.9011040000041	878.4296486000094	1108.7924150000035	651.9011040000041	878.4296486000094	889.2738901000121	889.2738901000121	1116.989792399996	1116.989792399996
2.36	1103.2331226000097	678.3434074000106	900.2761533000012	1103.2331226000097	678.3434074000106	900.2761533000012	910.3083386999933	910.3083386999933	1111.250530800011	1111.250530800011
2.37	1098.3212804000068	704.0351076000079	921.6398138000077	1098.3212804000068	704.0351076000079	921.6398138000077	930.9367591000046	930.9367591000046	1106.1521351999982	1106.1521351999982
2.38	1094.0283565999998	728.9279202000034	945.1565203999926	1094.0283565999998	728.9279202000034	945.1565203999926	953.7884575999924	953.7884575999924	1101.6243736000033	1101.6243736000033
2.4	1086.9020154000027	776.415645800007	982.6427871000051	1086.9020154000027	776.415645800007	982.6427871000051	990.1246773000021	990.1246773000021	1094.122730700008	1094.122730700008
2.41	1084.0554295000038	799.0171432000061	1001.8160908999998	1084.0554295000038	799.0171432000061	1001.8160908999998	1008.7997735999961	1008.7997735999961	1091.0698386000004	1091.0698386000004
2.43	1079.648378900005	841.9639388999931	1038.4376276999974	1079.648378900005	841.9639388999931	1038.4354329000053	1044.5521908999945	1044.5499961000023	1086.1996966000006	1086.1996966000006
2.44	1078.0264613999898	862.3377688000037	1055.877081700004	1078.0264613999898	862.3377688000037	1055.877081700004	1061.6119538000057	1061.6119538000057	1084.3341623000015	1084.3341623000015
2.46	1075.858051999996	900.9565246999991	1089.0353087999974	1075.858051999996	900.9565246999991	1089.0353087999974	1094.1007832000032	1094.1007832000032	1081.6368190999929	1081.6368190999929
2.47	1075.2325492999953	919.2365664999961	1104.7738344999962	1075.2325492999953	919.2365664999961	1104.7716398000048	1109.5452130000049	1109.5430183000135	1080.7764784000028	1080.7764784000028
2.49	1075.0196589999978	953.8411314999976	1134.613605199993	1075.0196589999978	953.8411314999976	1134.613605199993	1138.8604392999987	1138.8604392999987	1079.960032899995	1079.960032899995
2.5	1075.362039300002	970.2007703999989	1148.7455765999912	1075.362039300002	970.2007703999989	1148.7433818999998	1152.7597676000005	1152.757572900009	1079.9841749999905	1079.9841749999905
2.52	1076.8764143000008	1001.124745699999	1175.4929497999983	1076.8764143000008	1001.124745699999	1175.4907550000062	1179.0901389999926	1179.0879442000005	1080.8357365999982	1080.8357365999982
2.54	1079.4223199000116	1029.7881324000045	1200.3199199000082	1079.4223199000116	1029.7881324000045	1200.3177252000023	1203.5593654999975	1203.5571707999916	1082.6924919000012	1082.6924919000012
2.55	1081.0442374999984	1043.2967958999943	1212.0464493999898	1081.0442374999984	1043.2967958999943	1212.0442545999977	1215.1256785000005	1215.1234837000084	1083.969834299991	1083.969834299991
2.57	1084.9333279999992	1068.854616599987	1234.2199712999864	1084.9333279999992	1068.854616599987	1234.2199712999864	1237.0072990999906	1237.0072990999906	1087.1719691999897	1087.1719691999897
2.59	1092.5205660000065	1089.5686321999965	1254.778159900001	1092.5205660000065	1089.5686321999965	1254.7759652000095	1257.3108971000038	1257.3087024000124	1091.1466548000026	1091.1466548000026
2.61	1094.814075900009	1114.4307183000055	1273.832947300005	1094.814075900009	1114.4307183000055	1273.832947300005	1276.1418203999929	1276.1418203999929	1095.7775695000018	1095.7775695000018
2.63	1100.5401688999991	1134.718953100004	1291.4962654999981	1100.5401688999991	1134.718953100004	1291.4940708000067	1293.607611399988	1293.6054166999966	1100.939612800008	1100.939612800008
2.65	1106.5954739000008	1153.5037866000057	1307.8756570999976	1106.5954739000008	1153.5037866000057	1307.8734624000062	1309.8114232999942	1309.8092286000028	1106.505489400006	1106.505489400006
2.67	1112.8592799000035	1170.8971510999982	1323.0633015000058	1112.8592799000035	1170.8971510999982	1323.0611067999998	1324.8476302000054	1324.8454354999994	1112.3500988000014	1112.3500988000014
2.69	1119.287691800011	1187.0175625999982	1337.1601570000057	1119.287691800011	1187.0175625999982	1337.1579622999998	1338.8062167000026	1338.8040219999966	1118.3615089000086	1118.3615089000086
2.71	1125.659040300001	1201.948421699999	1350.249623900003	1125.659040300001	1201.948421699999	1350.247429199997	1351.7727777999971	1351.7705830999912	1124.4431508999987	1124.4431508999987
2.74	1135.0657229999924	1222.3244464000018	1368.1631431999995	1135.0657229999924	1222.3244464000018	1368.1609484999935	1369.5260806000006	1369.5238858999946	1133.5162320999952	1133.5162320999952
2.76	1141.1693124000012	1234.689646999992	1379.0754218999937	1141.1693124000012	1234.689646999992	1379.0732271000015	1380.343985200001	1380.341790400009	1139.450826100001	1139.450826100001
2.79	1149.974634600003	1251.595777800001	1394.0567601000075	1149.974634600003	1251.595777800001	1394.052370599995	1395.2046124000044	1395.2002228999918	1148.0674001000007	1148.0674001000007
2.81	1155.5822114000039	1261.8737746999977	1403.2066575000063	1155.5822114000039	1261.8737746999977	1403.2044626999996	1404.2820831000136	1404.2798883000069	1153.5871869999974	1153.5871869999974
2.84	1163.5776721000002	1275.9530722000054	1415.815474899995	1163.5776721000002	1275.9530722000054	1415.8132801000029	1416.798721299987	1416.7965264999948	1161.4860789000086	1161.4860789000086
2.87	1171.0639517999953	1288.597005699994	1427.2259608999884	1171.0639517999953	1288.597005699994	1427.223766199997	1428.1280015999946	1428.1258069000032	1168.9131003999937	1168.9131003999937
2.89	1175.7782668	1296.3137336000073	1434.2425648000062	1175.7782668	1296.3137336000073	1434.2403701000003	1435.0963211000053	1435.0941263999994	1173.6032732000021	1173.6032732000021
2.92	1182.454685100005	1306.9297215000115	1443.9740700000111	1182.454685100005	1306.9297215000115	1443.9718752000044	1444.766373400009	1444.7641786000022	1180.2621335000003	1180.2621335000003
2.96	1190.6630363000004	1319.5056178000086	1455.6479255000013	1190.6630363000004	1319.5056178000086	1455.6479255000013	1456.3699970000016	1456.3699970000016	1188.4726795000024	1188.4726795000024
2.99	1196.3452344000107	1327.9005223999993	1463.5577912000008	1196.3452344000107	1327.9005223999993	1463.5577912000008	1464.235967799992	1464.235967799992	1194.165851400001	1194.165851400001
3.02	1201.6609099000052	1335.5228762000042	1470.8421540999989	1201.6609099000052	1335.5228762000042	1470.8399594000075	1471.4830201000004	1471.480825400009	1199.4990848000016	1199.4990848000016
3.06	1208.216617099999	1344.6113207000017	1479.682592199999	1208.216617099999	1344.6113207000017	1479.682592199999	1480.2817578999966	1480.2817578999966	1206.0877132000023	1206.0877132000023
3.09	1212.819000100004	1350.7631946000038	1485.7861817000085	1212.819000100004	1350.7631946000038	1485.7861817000085	1486.359010500004	1486.359010500004	1210.7186279000016	1210.7186279000016
3.13	1218.5626512000017	1358.1770476000092	1493.3009930999979	1218.5626512000017	1358.1770476000092	1493.3009930999979	1493.845290199999	1493.845290199999	1216.5083687000006	1216.5083687000006
3.17	1223.891495200005	1364.7810391999956	1500.1727437000081	1223.891495200005	1364.7810391999956	1500.1727437000081	1500.6950933000044	1500.6950933000044	1221.8833023000043	1221.8833023000043
3.22	1230.1465220999962	1372.157581499996	1508.091388300003	1230.1465220999962	1372.157581499996	1508.0935829999944	1508.589595700003	1508.5917903999944	1228.1975874000054	1228.1975874000054
3.26	1234.847668699993	1377.4403357999981	1513.9513609999995	1234.847668699993	1377.4403357999981	1513.9535556999908	1514.438594700012	1514.4407894000033	1232.9492131999868	1232.9492131999868
3.31	1240.4003768999974	1383.3968772999942	1520.7858009000047	1240.4003768999974	1383.3968772999942	1520.7879956999968	1521.2598661000084	1521.2620609000005	1238.5831269000046	1238.5831269000046
3.36	1245.6897154000035	1388.7498634999938	1527.1637336999993	1245.6897154000035	1388.7498634999938	1527.1659283999907	1527.631214699999	1527.6334093999903	1243.9339183999982	1243.9339183999982
3.42	1251.7537994999875	1394.517656799988	1534.3251908999955	1251.7537994999875	1394.517656799988	1534.3273855999869	1534.7882823999971	1534.7904770999885	1250.0660395999876	1250.0660395999876
3.48	1257.5698772000032	1399.695063399995	1541.0367250999989	1257.5698772000032	1399.695063399995	1541.034530399993	1541.4976218000083	1541.4954271000024	1255.9479597000027	1255.9479597000027
3.54	1263.1906224999984	1404.3808467000053	1547.3597892000107	1263.1906224999984	1404.3808467000053	1547.3597892000107	1547.8228806000116	1547.8228806000116	1261.632352600005	1261.632352600005
3.61	1269.5597761999961	1409.3278048000066	1554.2951873999991	1269.5597761999961	1409.3278048000066	1554.2951873999991	1554.7626683999988	1554.7626683999988	1268.0717382000003	1268.0717382000003
3.68	1275.7621292999975	1413.7941135	1560.769689000008	1275.7621292999975	1413.7941135	1560.769689000008	1561.2437542000116	1561.2437542000116	1274.3399336000002	1274.3399336000002
3.76	1282.662411600002	1418.3679648999969	1567.5558446000068	1282.662411600002	1418.3679648999969	1567.5558446000068	1568.0386888000066	1568.0386888000066	1281.3148374000011	1281.3148374000011
3.85	1290.2233126000065	1422.8979212000122	1574.2981052000105	1290.2233126000065	1422.8979212000122	1574.2981052000105	1574.7919231000124	1574.7919231000124	1288.9371913000068	1288.9371913000068
3.95	1298.3197317000013	1427.1930397000106	1580.3994998999988	1298.3197317000013	1427.1930397000106	1580.3994998999988	1580.89990199999	1580.89990199999	1297.121400300006	1297.121400300006
4.05	1306.0781599000038	1430.7178023000015	1584.5848811000033	1306.0781599000038	1430.7178023000015	1584.5848811000033	1585.0918674999994	1585.0918674999994	1304.9676182999974	1304.9676182999974
4.17	1314.8834821000055	1433.9287160999957	1586.224356599996	1314.8834821000055	1433.9287160999957	1586.2265514000028	1586.7313429999922	1586.7335377999989	1313.8826776999922	1313.8826776999922
4.31	1324.3165016999992	1436.2288103000028	1581.9797173000115	1324.3165016999992	1436.2288103000028	1581.9797173000115	1582.4735352000134	1582.4735352000134	1323.4671348999982	1323.4671348999982
4.46	1333.3105720000021	1437.0057503999997	1568.7388129000028	1333.3105720000021	1437.0057503999997	1568.7388129000028	1569.1997096000123	1569.1997096000123	1332.6609270999907	1332.6609270999907
4.64	1342.4955852999992	1435.8140031999937	1542.5357367999968	1342.4955852999992	1435.8140031999937	1542.5357367999968	1542.932985899999	1542.932985899999	1342.1532048999943	1342.1532048999943
4.85	1350.9782796999934	1431.920523199995	1506.0414953	1350.9782796999934	1431.920523199995	1506.0414953	1506.3399808000104	1506.3399808000104	1351.1428855999984	1351.1428855999984
5.11	1358.7915765999933	1424.684444700004	1465.4408834999922	1358.7915765999933	1424.684444700004	1465.4408834999922	1465.6032946999912	1465.6032946999912	1359.7770176999911	1359.7770176999911
5.43	1365.6413796999987	1414.0904043000046	1430.651959900002	1365.6413796999987	1414.0904043000046	1430.651959900002	1430.6717126000003	1430.6717126000003	1367.768088900004	1367.768088900004
5.85	1371.7076585000032	1400.5554039000126	1405.5638149000006	1371.7076585000032	1400.5554039000126	1405.5638149000006	1405.4804144999944	1405.4804144999944	1375.6999020000076	1375.6999020000076
6.44	1377.1352660999983	1385.914251299997	1388.986896100003	1377.1352660999983	1385.914251299997	1388.986896100003	1388.883743000013	1388.883743000013	1382.8591644999979	1382.8591644999979
7.37	1373.200085999997	1380.311063999994	1377.765158299997	1373.200085999997	1380.311063999994	1377.765158299997	1377.6993158999976	1377.6993158999976	1387.281578299997	1387.281578299997
9.28	1369.2495426999958	1376.8258069000003	1376.643643000003	1369.2495426999958	1376.8258069000003	1376.643643000003	1376.606332299998	1376.606332299998	1377.677368500008	1377.677368500008
