4B1_4A1	5B1_4B1	6B1_4B1	4B2_4A1	5B2_4B2	6B2_4B2	4A2_5B1	4A2_6B1	4A2_5B2	4A2_6B2	5A2_4B1	5A2_4B2	5A2_4A2	6A2_4B1	6A2_4B2	6A2_4A2
Intensities	1.1067460804e-06	1.47384584649e-05	1.355049721e-07	1.1067460804e-06	1.47384584649e-05	1.355123344e-07	1.7962164528999998e-06	1.47719716e-08	1.7962164528999998e-06	1.47719716e-08	1.0981363263999998e-06	1.0981363263999998e-06	1.0000000000000001e-16	6.594739263999999e-07	6.594739263999999e-07	2.5258263577599997e-05
2e-08	4052796762129.0605	542514162472988.0	27417048113123.72	4052796762129.0605	542514162472988.0	27416221263467.742	545721093468299.3	30623979108435.047	545721093468299.3	30623152258779.074	4090418355563.737	4090418355563.737	7297349350875.067	117376071932516.52	117376071932516.52	120583002927827.84
2.0099999999999998e-08	4311600252478.389	518755504495220.6	27370331173470.586	4311600252478.389	518755504495220.6	27369090908406.56	522158811954262.3	30773638632512.297	522158811954262.3	30772398367448.27	4352115810291.779	4352115810291.779	7755423269333.49	120494943580705.34	120494943580705.34	123898251039747.06
2.0200000000000002e-08	4605958240371.306	495927050817356.06	27319480004371.973	4605958240371.306	495927050817356.06	27318239739305.207	499546165659963.06	30938594846978.957	499546165659963.06	30937354581912.195	4649781196808.592	4649781196808.592	8268896039415.578	123232638177774.44	123232638177774.44	126851753020381.42
2.03e-08	4940418370669.561	474003995987389.3	27266561720550.62	4940418370669.561	474003995987389.3	27265321455486.598	477859176001884.1	31121741735045.402	477859176001884.1	31120501469981.38	4987135291485.561	4987135291485.561	8842315305980.344	125536650874161.34	125536650874161.34	129391830888656.12
2.04e-08	5319114872813.152	452963601686858.94	27214470286385.246	5318701457405.103	452963188271450.9	27212816587076.035	457073450981094.7	31324319580621.008	457073450981094.7	31323079296719.85	5369552607663.84	5369139192255.79	9479401901899.605	127347861985356.84	127347448569948.8	131457711279592.61
2.0499999999999998e-08	5747422260154.199	432783129559634.5	27166513081665.348	5747422260154.199	432783129559634.5	27165686232009.37	437164598504470.0	31547982026500.844	437164598504470.0	31547155176844.867	5801580827876.707	5801580827876.707	10183049772712.205	128600950520374.25	128600950520374.25	132982419465209.75
2.0600000000000002e-08	6231541933369.576	413443148704723.75	27128891488233.41	6231541933369.576	413443148704723.75	27127651223169.387	418110707140886.94	31796449924396.6	418110707140886.94	31795209659332.58	6289421315126.771	6289421315126.771	10956979751289.96	129233489433765.72	129233489433765.72	133901047869928.9
2.07e-08	6779328898262.443	394925468448518.75	27106980019433.336	6779328898262.443	394925468448518.75	27105739735529.438	399890692271204.2	32072203842118.82	399890692271204.2	32070963558214.92	6841342528302.251	6841342528302.251	11806566350987.734	129190493326984.4	129190493326984.4	134155717149669.89
2.08e-08	7401945653448.264	377216032365702.25	27111941098534.79	7401945653448.264	377216032365702.25	27110700833468.023	382488430298862.25	32384339031694.81	382488430298862.25	32383098766628.043	7468506928344.342	7468506928344.342	12740904861504.361	128438061420630.33	128438061420630.33	133710459353790.36
2.09e-08	8115929135546.085	360308225677860.9	27156590923465.18	8115929135546.085	360308225677860.9	27155350639561.28	365894825952993.94	32743191198598.195	365894825952993.94	32741950914694.297	8187038074132.824	8187038074132.824	13773638349265.838	126984875607845.11	126984875607845.11	132571475882978.12
2.1000000000000003e-08	8941950529454.826	344199154401781.56	27246717366473.285	8941950529454.826	344199154401781.56	27245477101406.52	350104504682578.25	33152067647269.953	350104504682578.25	33150827382203.188	9018434000225.336	9018434000225.336	14923784281022.006	124879719924162.0	124879719924162.0	130785070204958.67
2.11e-08	9911430122109.73	328896260184365.3	27414980998400.977	9911430122109.73	328896260184365.3	27413740714497.08	335119533621172.44	33638254435208.07	335119533621172.44	33637014151304.17	9993288106229.617	9993288106229.617	16216561543036.71	122223469876962.12	122223469876962.12	128446743313769.22
2.12e-08	11061576053865.898	314416079981068.3	27696936241448.797	11061576053865.898	314416079981068.3	27695695976384.773	320948594680746.94	34229450941127.434	320948594680746.94	34228210676063.41	11149635400988.395	11149635400988.395	17682150100667.027	119158756796498.53	119158756796498.53	125691271496177.17
2.13e-08	12429596502747.213	300118633250432.4	28137646373637.68	12429596502747.213	300118633250432.4	28136406089733.78	306937237441438.75	34956250564644.008	306937237441438.75	34955010280740.11	12524270628285.854	12524270628285.854	19342874819292.18	115876169180078.16	115876169180078.16	122694773371084.48
2.1400000000000003e-08	14067996337161.496	287998691444801.94	28797057872602.203	14067996337161.496	287998691444801.94	28795817588698.305	295064523268640.0	35862889696440.266	295064523268640.0	35861649412536.37	14169285259947.928	14169285259947.928	21235117083785.99	112561747936652.05	112561747936652.05	119627579760490.11
2.15e-08	15411211334026.889	276111507374766.53	29735530631401.44	15415758997717.549	276116055038457.22	29738011180372.105	283367100883924.3	36991124140559.22	283367100883924.3	36989057025839.22	16126435081191.475	16130982744882.137	23382028590349.254	109410215774132.73	109414763437823.39	116665809283290.52
2.16e-08	18329158854786.457	265144192031020.28	31027481043754.688	18329158854786.457	265144192031020.28	31026240778690.664	272504381842753.97	38387670855488.41	272504381842753.97	38386430590424.38	18445744467959.562	18445744467959.562	25805934279693.28	106612574680578.22	106612574680578.22	113972764492311.94
2.17e-08	20975073290701.11	248660558482240.1	32213594869633.582	20975073290701.11	248660558482240.1	32212768019977.61	255952533319768.53	39505569707162.016	255952533319768.53	39504742857506.04	20529402079413.516	20529402079413.516	27821376916941.945	104406130092945.8	104406130092945.8	111698104930474.23
2.1800000000000003e-08	24122471204937.812	245986117780274.84	34867364367865.535	24122471204937.812	245986117780274.84	34866537518206.82	253264863042136.6	42146109629727.29	253264863042136.6	42145282780068.58	24256420623220.336	24256420623220.336	31535165885082.09	102630473441622.36	102630473441622.36	109909218703484.11
2.19e-08	27619212524448.656	237769726609269.8	37469042450769.24	27619212524448.656	237769726609269.8	37468215601110.53	244855402787187.94	44554718628687.38	244855402787187.94	44553891779028.67	27762670685526.035	27762670685526.035	34848346863444.17	101632881035999.16	101632881035999.16	108718557213917.3
2.2000000000000002e-08	31490929494399.62	230414084461229.5	40518045387761.1	31491342928647.547	230414497895477.44	40517631972353.05	237218632245753.06	47322593172284.65	237218632245753.06	47321766322628.67	31644723266759.48	31645136701007.406	38449271051283.03	101350098905621.1	101350512339869.03	108154646690144.66
2.21e-08	35698346878547.26	223862138841721.44	43979232228562.75	35698760293958.05	223862552257132.25	43978818794317.56	230316929786722.94	50434023173564.234	230316929786722.94	50433196323908.26	35862889696440.266	35863303111851.055	42317680641441.75	101772204967631.06	101772618383041.86	108226995912632.55
2.2200000000000004e-08	40190200054713.375	218046501569684.97	47800511463657.54	40190200054713.375	218046501569684.97	47799684614001.56	224105645641681.38	53859655535653.945	224105645641681.38	53858828685997.97	40366732164369.164	40366732164369.164	46425876236365.56	102859923835099.5	102859923835099.5	108919067907095.9
2.23e-08	44909023094225.84	212893169779831.6	51919456085274.625	44909436528471.02	212893583214076.75	51919456104111.766	218533515207276.3	57559801512719.36	218533515207276.3	57559388097311.31	45098371345297.64	45098784779542.82	50738716772742.37	104551241953335.12	104551655387580.31	110191587380779.86
2.2400000000000002e-08	49797763446140.82	208329794230830.78	56273225613715.49	49798176880386.0	208330207665075.97	56273225632549.88	213546379915790.75	61489811298675.445	213546379915790.75	61489397883264.66	50000341272876.55	50000754707121.734	55216926957836.51	106772983231354.22	106773396665599.4	111989568916314.17
2.25e-08	54801022296506.164	204286506230328.25	60799393003526.78	54801435711914.21	204286919645736.28	60799393003526.78	209088427519021.88	65601314292220.414	209088427519021.88	65600900876812.37	55018483379383.38	55018896794791.44	59820404668077.02	109447837367567.4	109448250782975.45	114249758656261.05
2.2599999999999997e-08	59869602137863.69	200698398183905.4	65441319156855.2	59870015553274.48	200698811599316.2	65440905722610.02	205104672561919.7	69847593534869.49	205104672561919.7	69846766685213.516	60101946495716.79	60102359911127.586	64508220873731.08	112497253776478.7	112497667191889.5	116903528154493.0
2.27e-08	64958853201791.65	197507590747476.6	70148566320015.69	64958853201791.65	197507590747476.6	70148152885767.76	201543850535317.8	74184826107856.9	201543850535317.8	74184412673608.98	65207734515100.94	65207734515100.94	69243994302942.17	115848883197928.7	115848883197928.7	119885142985769.92
2.29e-08	75055497326693.31	192119847466207.5	79594480857923.34	75055497326693.31	192119847466207.5	79594067442515.3	195501656853022.78	82976290244738.64	195501656853022.78	82975876829330.6	75340759987204.9	75340759987204.9	78722569374020.19	123199150832622.38	123199150832622.38	126580960219437.67
2.2999999999999998e-08	80006251289813.7	189839399956775.22	84267413807438.66	80006251289813.7	189839399956775.22	84267000373190.73	192937600401228.0	87365614251891.44	192937600401228.0	87365200817643.52	80311358304402.62	80311358304402.62	83409558748855.4	127087404776861.17	127087404776861.17	130185605221313.95
2.3100000000000002e-08	84862331127395.45	187788816256225.4	88873785482057.89	84862331127395.45	187788816256225.4	88873372047809.97	190630280325051.62	91715249550884.08	190630280325051.62	91714836116636.16	85188936195376.4	85188936195376.4	88030400264202.6	131057103289809.06	131057103289809.06	133898567358635.25
2.32e-08	89606786468577.08	185939570117347.3	93393751508863.83	89606786468577.08	185939570117347.3	93393751508863.83	188549103243731.2	96003284635247.7	188549103243731.2	96003284635247.7	89956129855014.08	89956129855014.08	92565662981397.95	135071865024258.27	135071865024258.27	137681398150642.14
2.33e-08	94227214549679.08	184267269503535.78	97813668896789.97	94227214549679.08	184267269503535.78	97813668896789.97	186668023440178.56	100214422833432.77	186668023440178.56	100214422833432.77	94600949972723.95	94600949972723.95	97001703909366.75	139099856334374.14	139099856334374.14	141500610271016.94
2.3500000000000002e-08	103058367432392.48	181374127453626.53	106310361649205.12	103058367432392.48	181374127453626.53	106310361649205.12	183416856091859.03	108353090287437.64	183416856091859.03	108353090287437.64	103485847970077.56	103485847970077.56	105528576608310.08	147101266971469.88	147101266971469.88	149143995609702.38
2.36e-08	107262477417916.23	180122279164838.75	110378041667478.42	107262477417916.23	180122279164838.75	110378041667478.42	182012040880364.62	112267803383004.31	182012040880364.62	112267803383004.31	107718897655897.1	107718897655897.1	109608659371422.98	151041612349874.03	151041612349874.03	152931374065399.9
2.37e-08	111317341294770.77	178982882278613.0	114316733365402.3	111317341294770.77	178982882278613.0	114316733365402.3	180734146893328.56	116067997980117.88	180734146893328.56	116067997980117.88	111803528063869.02	111803528063869.02	113554792678584.58	154919944135909.94	154919944135909.94	156671208750625.5
2.3799999999999998e-08	115216344284537.23	177442877383769.28	118120235379979.62	115216344284537.23	177442877383769.28	118120235379979.62	179068874492175.62	119746232488385.95	179068874492175.62	119746232488385.95	115732711019000.78	115732711019000.78	117358708127407.1	158718898486793.84	158718898486793.84	160344895595200.16
2.4e-08	122547180961727.23	176087259660898.7	125326217966268.44	122547180961727.23	176087259660898.7	125326217966268.44	177496622536083.75	126735580841453.5	177496622536083.75	126735580841453.5	123136723768337.39	123136723768337.39	124546086643522.45	166066272138271.7	166066272138271.7	167475635013456.75
2.41e-08	125983148935102.16	175278602053262.22	128732419408525.98	125983148935102.16	175278602053262.22	128732419408525.98	176594117633730.22	130047934988994.0	176594117633730.22	130047934988994.0	126612793884114.92	126612793884114.92	127928309464582.94	169603942431006.72	169603942431006.72	170919458011474.72
2.4300000000000003e-08	132400731720916.89	173847741143522.25	135159097521724.78	132400731720916.89	173847741143522.25	135159097521724.78	174999540774590.38	136310897152792.9	174999540774590.38	136310897152792.9	133118022582804.22	133118022582804.22	134269822213872.34	176386992162140.97	176386992162140.97	177538791793209.1
2.44e-08	135386480800476.44	173215202230133.53	138185362159094.98	135386480800476.44	173215202230133.53	138185362159094.98	174295479488369.72	139265639417331.17	174295479488369.72	139265639417331.17	136151315432838.48	136151315432838.48	137231592691074.67	179630304466980.34	179630304466980.34	180710581725216.53
2.46e-08	140922229906510.84	172092342280524.06	143878212454955.75	140922229906510.84	172092342280524.06	143877799020707.84	173046525163957.9	144832395338389.6	173046525163957.9	144831981904141.66	141790007160971.28	141790007160971.28	142744190044405.1	185816783160006.0	185816783160006.0	186770966043439.8
2.4700000000000003e-08	143478017880583.0	171594993050484.62	146552239722673.1	143478017880583.0	171594993050484.62	146551826288427.9	172493777119966.34	147451023792154.78	172493777119966.34	147450610357909.6	144402020817488.7	144402020817488.7	145300804886970.38	188761603247506.97	188761603247506.97	189660387316988.66
2.49e-08	148182784494770.06	170714399654605.47	151572862378147.84	148182784494770.06	170714399654605.47	151572862378147.84	171514375350268.66	152372838073811.03	171514375350268.66	152372838073811.03	149224613309915.62	149224613309915.62	150024589005578.8	194359365983581.16	194359365983581.16	195159341679244.34
2.5e-08	150337964497895.8	170326607806240.66	153926485940889.6	150337964497895.8	170326607806240.66	153926485940889.6	171082760545466.56	154682638680115.5	171082760545466.56	154682638680115.5	151441806924244.03	151441806924244.03	152197959663469.94	197016029446191.84	197016029446191.84	197772182185417.75
2.52e-08	154272108513294.66	169646938537788.03	158334827452463.75	154272108513294.66	169646938537788.03	158334414037055.7	170324540691517.94	159012429606193.66	170324540691517.94	159012016190785.6	155505352713071.84	155505352713071.84	156182954866801.78	202054015906776.0	202054015906776.0	202731618060505.9
2.5400000000000002e-08	157730401370880.44	169103285802340.62	162348762337259.72	157730401370880.44	169103285802340.62	162348762337259.72	169713499831518.5	162958976366437.56	169713499831518.5	162958976366437.56	159098008404350.97	159098008404350.97	159708222433528.84	206740591847366.03	206740591847366.03	207350805876543.9
2.55e-08	159289837204387.94	168904015374228.78	164189326582998.94	159289837204387.94	168904015374228.78	164189326582998.94	169484049438046.84	164769360646816.97	169484049438046.84	164769360646816.97	160724832362410.53	160724832362410.53	161304866426228.56	208954064666491.44	208954064666491.44	209534098730309.47
2.57e-08	162103188422574.3	169090883095167.06	167117196299635.7	162103188422574.3	167117196299635.7	169090469660921.88	169615931741603.88	167642244946072.5	167642244946072.5	169615518307358.7	163672959848535.4	163672959848535.4	164198008494972.22	213150733023945.78	213150733023945.78	213675781670382.62
2.59e-08	164536189439305.16	167559560112299.38	171546622430356.7	164536189439305.16	167559560112299.38	171546622430356.7	168036651554016.28	172023713872073.6	168036651554016.28	172023713872073.6	166235362619858.1	166235362619858.1	166712454061575.0	217046015180845.9	217046015180845.9	217523106622562.84
2.61e-08	166630596096292.25	167344166144144.9	174460435702836.38	166630596096292.25	167344166144144.9	174460435702836.38	167779088328733.72	174895357887425.22	167779088328733.72	174895357887425.22	168450902534874.56	168450902534874.56	168885824719463.4	220659755528940.66	220659755528940.66	221094677713529.5
2.63e-08	168428991066071.75	167108514387665.16	177210946460164.1	168428991066071.75	167108514387665.16	177210946460164.1	167506228394230.1	177608660466729.06	167506228394230.1	177608660466729.06	170359681754821.8	170359681754821.8	170757395761386.78	224011384950390.66	224011384950390.66	224409098956955.6
2.65e-08	169973130171523.78	166903869427369.53	179763427035606.88	169973130171523.78	166903869427369.53	179763013601361.7	167268509504193.22	180128067112430.56	167268509504193.22	180127653678185.38	172001388969025.6	172001388969025.6	172366029045849.28	227120747836947.5	227120747836947.5	227485387913771.2
2.67e-08	171301048496836.9	166736846079343.0	182123665395599.16	171301048496836.9	166736846079343.0	182123665395599.16	167072959890116.1	182459779206372.22	167072959890116.1	182459779206372.22	173414059224000.2	173414059224000.2	173750173034773.25	230004794578309.8	230004794578309.8	230340908389082.88
2.69e-08	172449540729281.12	166607857758999.06	184306958230527.6	172449540729281.12	166607857758999.06	184306958230527.6	166917925852689.47	184617026324217.97	166917925852689.47	184617026324217.97	174634073829276.3	174634073829276.3	174944141922966.7	232680888979589.78	232680888979589.78	232990957073280.16
2.71e-08	173447546569149.5	166514423898527.2	186327775381122.9	173447546569149.5	166514423898527.2	186327775381122.9	166801340239513.6	186614691722109.3	166801340239513.6	186614691722109.3	175692853034120.5	175692853034120.5	175979769375106.9	235165154580824.53	235165154580824.53	235452070921810.94
2.7400000000000004e-08	174720066061673.34	166434633047967.2	189083660651797.25	174720066061673.34	166434633047967.2	189083660651797.25	166691369423591.03	189340397027421.1	166691369423591.03	189340397027421.1	177036894880639.12	177036894880639.12	177293631256262.97	238562674092271.7	238562674092271.7	238819410467895.53
2.76e-08	175451413348880.56	166419749772991.3	190758028380331.53	175451413348880.56	166419749772991.3	190758028380331.53	166658708909260.56	190996987516600.78	166658708909260.56	190996987516600.78	177805450345870.22	177805450345870.22	178044409482139.47	240630208182520.12	240630208182520.12	240869167318789.38
2.7900000000000002e-08	176413451294631.72	166447449189385.94	193052532315086.44	176413451294631.72	166447449189385.94	193052532315086.44	166663670007196.4	193268753132896.88	166663670007196.4	193268753132896.88	178810897832650.6	178810897832650.6	179027118650461.06	243464230585605.4	243464230585605.4	243680451403415.88
2.81e-08	176984390031065.7	166497060093417.78	194452799844053.03	176984390031065.7	166497060093417.78	194452799844053.03	166699637901319.12	194655377651954.38	166699637901319.12	194655377651954.38	179404574887537.88	179404574887537.88	179607152695439.22	245192343466454.12	245192343466454.12	245394921274355.47
2.84e-08	177761627389432.94	166613645687756.5	196382663683147.12	177761627389432.94	166613645687756.5	196382663683147.12	166798859709382.8	196567877704773.44	166798859709382.8	196567877704773.44	180207444547579.78	180207444547579.78	180392658569206.1	247568705366491.78	247568705366491.78	247753919388118.1
2.8700000000000002e-08	178466515544149.44	166776534806334.8	198131861183139.97	178466515544149.44	166776534806334.8	198131447767729.2	166946452118740.06	198301778495545.22	166946452118740.06	198301365080134.44	180931763622125.7	180931763622125.7	181101680934530.94	249712722908670.88	249712722908670.88	249882640221076.12
2.89e-08	178906812223253.28	166908830506471.0	199209244458160.3	178906812223253.28	166908830506471.0	199209244458160.3	167069652491492.2	199370066443181.5	167069652491492.2	199370066443181.5	181381569081695.9	181381569081695.9	181542391066717.1	251026998224074.84	251026998224074.84	251187820209096.03
2.92e-08	179534390057540.53	167139934618097.22	200708733795193.38	179534390057540.53	167139934618097.22	200708733795193.38	167289180726766.4	200857979903862.56	167289180726766.4	200857979903862.56	182019895942681.94	182019895942681.94	182169142051351.12	252843997282867.66	252843997282867.66	252993243391536.84
2.96e-08	180327337559379.53	167504161279510.1	202518291225914.06	180327337559379.53	167504161279510.1	202517877791666.12	167640177812515.38	202654307758919.3	167640177812515.38	202653894324671.38	182821938753065.12	182821938753065.12	182957955286070.38	255012406861654.6	255012406861654.6	255148423394659.88
2.99e-08	180899929976288.3	167815056222856.47	203753189106166.06	180899929976288.3	167815056222856.47	203753189106166.06	167942804278133.62	203880937161443.25	167942804278133.62	203880937161443.25	183399492267912.5	183399492267912.5	183527240323189.66	256472620887103.88	256472620887103.88	256600368942381.06
3.02e-08	181460533082599.94	168156131112731.0	204898787355394.44	181460533082599.94	168156131112731.0	204898787355394.44	168276850974186.72	205019507216850.16	168276850974186.72	205019507216850.16	183963816188258.8	183963816188258.8	184084536049714.53	257808807671305.22	257808807671305.22	257929527532760.94
3.06e-08	182194360918775.1	168649346113327.7	206303602548048.97	182194360918775.1	168649346113327.7	206303602548048.97	168762210893628.97	206416467328350.28	168762210893628.97	206416467328350.28	184700951423057.84	184700951423057.84	184813816203359.16	259418267805420.97	259418267805420.97	259531132585722.25
3.09e-08	182746282131950.6	169053261482900.72	207285071451306.53	182746282131950.6	169053261482900.72	207285071451306.53	169161165184100.56	207392975152506.38	169161165184100.56	207392975152506.38	185253699485892.06	185253699485892.06	185361603187091.88	260520456551297.1	260520456551297.1	260628360252496.94
3.13e-08	183484244216411.1	169629574732681.34	208508393455206.56	183484244216411.1	169629574732681.34	208508393455206.56	169732103920534.53	208610922643059.78	169732103920534.53	208610922643059.78	185991248154939.03	185991248154939.03	186093777342792.22	261864084982404.94	261864084982404.94	261966614170258.12
3.17e-08	184222206282031.72	170244336406712.72	209646963510610.75	184222206282031.72	170244336406712.72	209646963510610.75	170342731346283.3	209745358450181.34	170342731346283.3	209745358450181.34	186735411583565.03	186735411583565.03	186833806523135.6	263078725074334.44	263078725074334.44	263177120013905.03
3.2200000000000004e-08	185166880422670.72	171067050420831.97	210982323445158.84	185166880422670.72	171067050420831.97	210982323445158.84	171160897696711.9	211076170721038.78	171160897696711.9	211076170721038.78	187676364891334.9	187676364891334.9	187770212167214.84	264458734814975.8	264458734814975.8	264552582090855.72
3.26e-08	185935435887901.84	171763256663575.2	211990251480904.4	185935435887901.84	171763256663575.2	211990251480904.4	171855036824735.12	212082031642064.34	171855036824735.12	212082031642064.34	188441612976776.53	188441612976776.53	188533393137936.47	265464182301750.7	265464182301750.7	265555962462910.62
3.31e-08	186914837657599.53	172679404538163.56	213190835166348.4	186914837657599.53	172679404538163.56	213191248581759.2	172768704150352.8	213280134778537.66	172768704150352.8	213280548193948.44	189417293913599.66	189417293913599.66	189506593525788.94	266618462481789.47	266618462481789.47	266707762093978.72
3.3599999999999996e-08	187916564330339.72	173641029068503.9	214338913964544.7	187916564330339.72	173641029068503.9	214338913964544.7	173729088415626.4	214426973311667.2	173729088415626.4	214426973311667.2	190414472922651.94	190414472922651.94	190502532269774.44	267674347703420.53	267674347703420.53	267762407050543.03
3.42e-08	189149395077034.62	174852361780643.9	215664351740889.88	189149395077034.62	174852361780643.9	215664351740889.88	174939594278110.44	215751584238356.4	174939594278110.44	215751584238356.4	191641102325178.62	191641102325178.62	191728334822645.16	268833588981395.16	268833588981395.16	268920821478861.7
3.48e-08	190415713206555.84	176120747024885.12	216946793410453.75	190415713206555.84	176120747024885.12	216946793410453.75	176207566088106.47	217033612473675.1	176207566088106.47	217033612473675.1	192900805657446.56	192900805657446.56	192987624720667.9	269892368186239.3	269892368186239.3	269979187249460.66
3.54e-08	191713451547669.25	177441223684457.34	218197401396505.97	191713451547669.25	177441223684457.34	218197401396505.97	177528456163086.72	218284633875135.38	177528456163086.72	218284633875135.38	194191929220149.3	194191929220149.3	194279161698778.72	270862261194307.75	270862261194307.75	270949493672937.16
3.61e-08	193265445734273.0	179041588491191.75	219626608606931.25	193265445734273.0	179041588491191.75	219626608606931.25	179129647838314.25	219714667954053.75	179129647838314.25	219714667954053.75	195735654910190.56	195735654910190.56	195823714257313.06	271892100698853.38	271892100698853.38	271980160045975.88
3.6800000000000005e-08	194854648098903.34	180700246113931.3	221031423799588.53	194854648098903.34	180700246113931.3	221031423799588.53	180789545726120.56	221120723411777.78	180789545726120.56	221120723411777.78	197316588797092.84	197316588797092.84	197405888409282.1	272816930485417.78	272816930485417.78	272906230097607.03
3.76e-08	196707201617568.22	182655742254694.56	222609463722112.1	196707201617568.22	182655742254694.56	222609463722112.1	182746695566195.78	222700417033613.3	182746695566195.78	222700417033613.3	199159633572965.6	199159633572965.6	199250586884466.8	273739279723008.75	273739279723008.75	273830233034509.97
3.85e-08	198829721106360.75	184920479639497.7	224352046424854.38	198829721106360.75	184920479639497.7	224352046424854.38	185013500065721.66	224445066851078.34	185013500065721.66	224445066851078.34	201270163751158.22	201270163751158.22	201363184177382.16	274592173702493.28	274592173702493.28	274685194128717.25
3.95e-08	201216005202272.84	187498179101204.3	226241394706135.1	201216005202272.84	187498179101204.3	226241394706135.1	187592439792492.28	226335655397423.06	187592439792492.28	226335655397423.06	203643631705654.28	203643631705654.28	203737892396942.28	275274323519916.6	275274323519916.6	275368584211204.56
4.05e-08	203611798040977.03	190119701519348.25	228068729376213.12	203611798040977.03	190119701519348.25	228068729376213.12	190215202494540.1	228164230351405.0	190215202494540.1	228164230351405.0	206025368119035.84	206025368119035.84	206120869094227.72	275623666906353.62	275623666906353.62	275719167881545.47
4.17e-08	206466905082040.84	193291078017107.75	230157348085605.66	206466905082040.84	193291078017107.75	230158174935261.62	193386578992299.62	230252849060797.53	193386578992299.62	230253675910453.5	208862697920745.03	208862697920745.03	208958198895936.9	275517003489054.94	275517003489054.94	275612504464246.8
4.3099999999999996e-08	209716832184133.47	196976340738037.16	232404721665296.62	209716832184133.47	196976340738037.16	232404721665296.62	197069361164261.12	232497742091520.6	197069361164261.12	232497742091520.6	212088233005066.94	212088233005066.94	212181253431290.88	274530160091290.62	274530160091290.62	274623180517514.56
4.46e-08	213035387694676.6	200844750328195.88	234526827719841.25	213035387694676.6	200844750328195.88	234526827719841.25	200931569391417.22	234613646783062.56	200931569391417.22	234613646783062.56	215373714567031.66	215373714567031.66	215460533630252.97	272355549149495.56	272355549149495.56	272442368212716.9
4.64e-08	216698325493720.84	205286579203759.25	236595188659745.66	216698325493720.84	205286579203759.25	236595188659745.66	205361408975217.8	236670018431204.22	205361408975217.8	236670018431204.22	218983734101091.7	218983734101091.7	219058563872550.25	268377995593070.25	268377995593070.25	268452825364528.8
4.85e-08	220401365435165.0	210072790348981.12	238227387112317.44	220401365435165.0	210072790348981.12	238227800546565.38	210129016031429.12	238283612794765.44	210129016031429.12	238284026229013.34	222602022075202.84	222602022075202.84	222658247757650.8	262598326233990.88	262598326233990.88	262654551916438.88
5.11e-08	224013038649702.6	215269531698700.9	239021161463812.4	224013038649702.6	215269531698700.9	239021161463812.4	215300125079474.25	239051754844585.75	215300125079474.25	239051754844585.75	226073544527289.72	226073544527289.72	226104137908063.06	255295188954361.12	255295188954361.12	255325782335134.5
5.4299999999999997e-08	226969848028966.34	220460071666583.62	238360096265535.94	226969848028966.34	220460071666583.62	238360096265535.94	220463792480618.3	238363817079570.62	220463792480618.3	238363817079570.62	228812892804839.1	228812892804839.1	228816613618873.78	247655524429710.38	247655524429710.38	247659245243745.06
5.8499999999999994e-08	228830670044196.44	225363281859226.56	236061458101338.3	228830670044196.44	225363281859226.56	236061458101338.3	225347571734591.97	236045747976703.7	225347571734591.97	236045747976703.7	230380597116077.44	230380597116077.44	230364886991442.84	240509901755312.3	240509901755312.3	240494191630677.72
6.440000000000001e-08	229286263432518.6	229367294566979.75	232887187620360.2	229286263432518.6	229367294566979.75	232887187620360.2	229347863628313.22	232867756681693.66	229347863628313.22	232867756681693.66	230533564038781.3	230533564038781.3	230514133100114.78	234653748925462.44	234653748925462.44	234634317986795.88
7.37e-08	228679770236212.56	229850587371702.03	232081010561694.4	228679770236212.56	229850587371702.03	232081010561694.4	229838184645694.06	232068607835686.44	229838184645694.06	232068607835686.44	229705888926723.5	229705888926723.5	229693486200715.53	230653457031741.2	230653457031741.2	230641054305733.22
9.28e-08	227939327621621.25	229708782909939.34	230739862679554.47	227939327621621.25	229708782909939.34	230739862679554.47	229701754697278.03	230732834466893.16	229701754697278.03	230732834466893.16	227745018272610.88	227745018272610.88	227737990059949.53	231134682740577.84	231134682740577.84	231127654527916.53
