R	10B1_4B1	10B2_4B2	4A2_10B1	4A2_10B2	10A2_4B1	10A2_4B2	10A2_4A2
Intensities	4.0996121919833565e-06	4.0996121919833565e-06	8.643135311947951e-07	8.643135311947951e-07	8.755973733957591e-07	8.755973733957591e-07	1.7048854578319266e-05
2.0	4966.359717499989	4966.3575226999965	4983.384364600002	4983.38216980001	4314.366434099997	4314.366434099997	4331.39108120001
2.01	4858.733748400002	4858.729358900004	4876.800900000002	4876.796510500004	4190.350099700008	4190.350099700008	4208.4172513000085
2.02	4755.762836299997	4755.76064149999	4774.975645400002	4774.973450599995	4071.333397399998	4071.333397399998	4090.546206500003
2.03	4657.3196857	4657.315296200002	4677.785694899998	4677.7813054	3957.191226499999	3957.191226499999	3977.657235699997
2.04	4563.27919619999	4563.272612100001	4585.097169200002	4585.092779800005	3847.8204341999954	3847.818239500004	3869.6384072000074
2.05	4473.522851599992	4473.5184620999935	4496.782772899998	4496.7783834	3743.1156723999884	3743.1156723999884	3766.375593699995
2.06	4387.9453038000065	4387.940914400009	4412.723989499995	4412.7196000999975	3642.9979305000015	3642.9979305000015	3667.77661619999
2.07	4306.454373700006	4306.449984299994	4332.813276800007	4332.808887399995	3547.3969764000067	3547.3969764000067	3573.7558795000077
2.08	4228.984218900005	4228.9776346	4256.973818400002	4256.967234099997	3456.2557468000014	3456.2557468000014	3484.2453462999983
2.09	4155.482165299996	4155.477775799998	4185.139771999995	4185.135382499997	3369.5500994999893	3369.5500994999893	3399.207706199988
2.1	4085.928460299998	4085.921875999993	4117.278216399995	4117.27163209999	3287.273450199995	3287.273450199995	3318.6232062999916
2.11	4020.3713882999873	4020.3669987999892	4053.4089042999985	4053.4045148000005	3209.452135899992	3209.452135899992	3242.489651900003
2.12	3958.898739199998	3958.8943497	3993.577925500009	3993.573536000011	3136.1432198999973	3136.1432198999973	3170.822406200008
2.13	3901.5895238000085	3901.5829395000037	3937.787474500001	3937.780890199996	3067.471802900007	3067.471802900007	3103.6697535999992
2.14	3848.6061534000037	3848.5995691999997	3886.1165623999987	3886.1099781999947	3003.5278696000023	3003.5278696000023	3041.0382785999973
2.15	3800.062754700004	3800.069338900008	3838.5805523000017	3838.5629943000094	2944.4299358999997	2944.454078099996	2982.9477334999974
2.16	3756.1085705999867	3756.1019862999965	3795.1816389999876	3795.1750546999974	2890.3426080999925	2890.3426080999925	2929.4156764999934
2.17	3716.4648680999962	3716.4582837999915	3755.1758034000086	3755.169219100004	2844.389009999999	2844.389009999999	2883.0999453000113
2.18	3682.088556799994	3682.08197259999	3720.7292601999943	3720.7226759999903	2797.311701899991	2797.311701899991	2835.9524052999914
2.19	3651.8888477999863	3651.884458299988	3689.5046045999916	3689.5002150999935	2758.2518020999996	2758.2518020999996	2795.867558900005
2.2	3625.975478099994	3625.971088700011	3662.0988074999914	3662.092223300002	2723.9215803999978	2723.9237752000045	2760.0449097999954
2.21	3604.0455731999973	3604.041183600013	3638.3121470999904	3638.3055628	2694.0401095999987	2694.0423043000046	2728.306683499992
2.22	3585.739194199996	3585.7326100000064	3617.905396000002	3617.8988118000125	2668.267203700001	2668.267203700001	2700.433405500007
2.23	3570.670066100007	3570.665676699995	3600.6129898999934	3600.6064056999894	2646.231950900008	2646.2341457	2676.1748746999947
2.24	3558.447524000003	3558.445329299997	3586.140832799996	3586.136443299998	2627.5744126000063	2627.5766073999985	2655.2677213999996
2.25	3548.705045200011	3548.7006556999986	3574.1970235000044	3574.1904393000004	2611.9565979000035	2611.958792599995	2637.4485761999968
2.26	3541.0958597999997	3541.091470200001	3564.4874658000044	3564.4808814999997	2599.0602687000064	2599.0624634000123	2622.451874700011
2.27	3535.3170928000036	3535.310508499999	3556.744400900003	3556.737816599998	2588.624250000008	2588.624250000008	2610.0515581000072
2.29	3528.186362099994	3528.1775830999977	3546.1393868000014	3546.1306078000052	2574.24646699999	2574.24646699999	2592.1994916999975
2.3	3526.3954490000033	3526.3888647999993	3542.842877800009	3542.836293600005	2569.9711011000036	2569.9711011000036	2586.418529900009
2.31	3525.5460822000023	3525.537303200006	3540.630573599992	3540.621794599996	2567.4712851000077	2567.4712851000077	2582.5557764999976
2.32	3525.473655599999	3525.478045099997	3539.3268943000003	3539.3312837999983	2566.6680079999933	2566.6680079999933	2580.5212466999947
2.33	3526.0750161000033	3526.077210800009	3538.819907900004	3538.82210260001	2567.495427300004	2567.495427300004	2580.240319100005
2.35	3528.8338121999986	3528.8382016999967	3539.6780537000013	3539.6824431999994	2573.9172550000076	2573.9172550000076	2584.7614965000103
2.36	3530.8507840000093	3530.8529788000014	3540.8829694000015	3540.8851641999936	2579.458989400009	2579.458989400009	2589.4911748000013
2.37	3533.172825600006	3533.177215100004	3542.469770900003	3542.474160400001	2586.5150988000096	2586.5150988000096	2595.8120441000065
2.38	3535.705562899995	3535.709952399993	3544.337500099995	3544.341889599993	2595.041688199999	2595.041688199999	2603.673625399999
2.4	3541.302165900008	3541.306555400006	3548.784056100005	3548.788445600003	2616.240742599999	2616.240742599999	2623.722632799996
2.41	3544.2826313999976	3544.2848262000043	3551.266314099994	3551.2685089000006	2628.698122700007	2628.698122700007	2635.681805400003
2.43	3550.4279210999957	3550.4301158000017	3556.542484299993	3556.5446789999987	2656.6109062000032	2656.6109062000032	2662.7254694000003
2.44	3553.540071299998	3553.5422660999902	3559.2749433999998	3559.277138199992	2671.7283186999994	2671.7283186999994	2677.463190800001
2.46	3559.7138926999905	3559.7160873999965	3564.7793670999963	3564.7815618000022	2703.416065700003	2703.416065700003	2708.4815401000087
2.47	3562.7426425000012	3562.7448372999934	3567.51402100001	3567.516215800002	2719.6791358000046	2719.6791358000046	2724.4505143000133
2.49	3568.604809899989	3568.6070046999957	3572.851643999995	3572.8538388000015	2752.354518699998	2752.354518699998	2756.601352800004
2.5	3571.4096955999994	3571.4118903999915	3575.4238866000087	3575.426081400001	2768.5473569000023	2768.5473569000023	2772.5615479000116
2.52	3576.7122027000005	3576.7143974000064	3580.309391899995	3580.3115866000007	2800.217546	2800.217546	2803.814735199994
2.54	3581.547228800002	3581.547228800002	3584.786674399991	3584.786674399991	2830.5313819000003	2830.5313819000003	2833.7708274999895
2.55	3583.75953309999	3583.761727799996	3586.838762200001	3586.840956900007	2845.069381399997	2845.069381399997	2848.1486105000076
2.57	3587.7868925999937	3587.7890872999997	3590.574220399998	3590.576415100004	2872.775858699999	2872.775858699999	2875.563186500003
2.59	3591.2238653000095	3591.226060000001	3593.7566025000124	3593.7587972000038	2898.537790800008	2898.537790800008	2901.070528000011
2.61	3594.041919500014	3594.044114300006	3596.350792600002	3596.352987399994	2922.282751000006	2922.282751000006	2924.591624099994
2.63	3596.216913100012	3596.216913100012	3598.3282590000017	3598.3282590000017	2943.993181400001	2943.993181400001	2946.104527299991
2.65	3597.733482800002	3597.733482800002	3599.6692489999987	3599.6692489999987	2963.682250500002	2963.682250500002	2965.6180166999984
2.67	3598.578460100005	3598.578460100005	3600.3627888000046	3600.3627888000046	2981.385074100006	2981.385074100006	2983.1694028000056
2.69	3598.747455600009	3598.747455600009	3600.3935153000057	3600.3935153000057	2997.163105300002	2997.163105300002	2998.8091649999988
2.71	3598.2360797	3598.2360797	3599.7592335999943	3599.7592335999943	3011.077796800004	3011.077796800004	3012.600950699998
2.74	3596.1905760999944	3596.1905760999944	3597.5535134999955	3597.5535134999955	3028.6160144999885	3028.6160144999885	3029.9789518999896
2.76	3593.9870508999884	3593.9870508999884	3595.2556141999958	3595.2556141999958	3038.1851083999936	3038.1851083999936	3039.453671700001
2.79	3589.4307574999984	3589.4307574999984	3590.5786097999953	3590.5786097999953	3049.5538941999985	3049.5538941999985	3050.7017464999954
2.81	3585.5745883000054	3585.5723935999995	3586.6500139000127	3586.647819200007	3055.255845099993	3055.255845099993	3056.3312707000005
2.84	3578.5865159999958	3578.5843213000044	3579.5697623999877	3579.5675676999963	3061.181660100003	3061.181660100003	3062.1649064999947
2.87	3570.1916114999913	3570.1916114999913	3571.0936521999975	3571.0936521999975	3064.1774887999927	3064.1774887999927	3065.079529499999
2.89	3563.840015599999	3563.840015599999	3564.693771899998	3564.693771899998	3064.6691119000025	3064.6691119000025	3065.5228682000015
2.92	3553.2152487999992	3553.213054100008	3554.007552199997	3554.0053575000056	3063.317148300004	3063.317148300004	3064.109451700002
2.96	3537.092642500007	3537.090447800001	3537.8147140000074	3537.8125193000014	3057.972941	3057.972941	3058.6950125000003
2.99	3523.6103160000057	3523.6103160000057	3524.288492599997	3524.288492599997	3051.599397800004	3051.599397800004	3052.2775743999955
3.02	3509.013058299999	3509.013058299999	3509.6539243000007	3509.6539243000007	3043.4437203999987	3043.4437203999987	3044.0845864000003
3.06	3487.899598899996	3487.899598899996	3488.4987645999936	3488.4987645999936	3030.134778899999	3030.134778899999	3030.733944599997
3.09	3470.9605470000097	3470.9605470000097	3471.533375800005	3471.533375800005	3018.6321135000035	3018.6321135000035	3019.204942299999
3.13	3447.0048912000057	3447.0048912000057	3447.549188300007	3447.549188300007	3001.6250244999974	3001.6250244999974	3002.1693215999985
3.17	3421.6116764000035	3421.6138711999956	3422.1340259999997	3422.136220799992	2983.2220766999963	2983.2220766999963	2983.7444262999925
3.22	3388.1308216000034	3388.1330163999955	3388.6290290000034	3388.6312237999955	2958.737487000006	2958.737487000006	2959.2356944000057
3.26	3360.2487646999944	3360.2509594000003	3360.735998400007	3360.7381931000127	2938.6248319000006	2938.6248319000006	2939.112065600013
3.31	3324.2417567999946	3324.2439516000013	3324.7158219999983	3324.718016800005	2913.5322975000017	2913.5322975000017	2914.0063627000054
3.36	3287.2558922000026	3287.258086899994	3287.7233732000022	3287.7255678999936	2889.214508499994	2889.214508499994	2889.6819894999935
3.42	3242.0550921999966	3242.059481599994	3242.518183699998	3242.5225730999955	2862.0325755999947	2862.0325755999947	2862.4956670999964
3.48	3196.4855747999973	3196.4855747999973	3196.9464715000067	3196.9464715000067	2837.8793925999926	2837.8793925999926	2838.340289300002
3.54	3151.080663300003	3151.085052800001	3151.543754700004	3151.548144200002	2817.3036460000003	2817.3036460000003	2817.766737400001
3.61	3099.0212810000085	3099.0212810000085	3099.488762000008	3099.488762000008	2798.033773400006	2798.033773400006	2798.5012544000056
3.68	3048.678190400009	3048.678190400009	3049.1522556000127	3049.1522556000127	2783.609900800002	2783.609900800002	2784.0839660000056
3.76	2994.3209088000003	2994.3209088000003	2994.803753	2994.803753	2772.249893900007	2772.249893900007	2772.732738100007
3.85	2938.062976900008	2938.062976900008	2938.55679480001	2938.55679480001	2764.7372773000097	2764.7372773000097	2765.2310952000116
3.95	2883.304056699999	2883.3018620000075	2883.8044587999902	2883.802264099999	2761.2805519000103	2761.2805519000103	2761.7809540000017
4.05	2835.3203183000005	2835.3203183000005	2835.8273046999966	2835.8273046999966	2761.4627159000083	2761.4627159000083	2761.9697023000044
4.17	2794.5529057999956	2794.592411199992	2795.0598921999917	2795.099397599988	2764.901883300001	2764.901883300001	2765.408869699997
4.31	2761.008403400003	2761.008403400003	2761.5022213000047	2761.5022213000047	2771.615612300011	2771.615612300011	2772.109430200013
4.46	2740.3097509999934	2740.3097509999934	2740.770647700003	2740.770647700003	2780.4275186000013	2780.4275186000013	2780.888415300011
4.64	2729.763995100002	2729.763995100002	2730.161244200004	2730.161244200004	2791.4934294999985	2791.4934294999985	2791.8906786000007
4.85	2728.7939171000035	2728.7939171000035	2729.092402600014	2729.092402600014	2803.2024009000015	2803.2024009000015	2803.500886400012
5.11	2735.4066878000012	2735.4066878000012	2735.5690990000003	2735.5690990000003	2814.000552800004	2814.000552800004	2814.162964000003
5.43	2746.8457055000035	2746.8457055000035	2746.8654582000017	2746.8654582000017	2820.2380218000035	2820.2380218000035	2820.2577745000017
5.85	2760.154647100004	2760.154647100004	2760.0712466999976	2760.0712466999976	2818.47125100001	2818.47125100001	2818.3878506000037
6.44	2771.277621299989	2771.277621299989	2771.174468199999	2771.174468199999	2806.861043099998	2806.861043099998	2806.757890000008
7.37	2776.270669099991	2776.270669099991	2776.204826699992	2776.204826699992	2790.4728725000023	2790.4728725000023	2790.407030100003
9.28	2773.3516566000035	2773.3516566000035	2773.3143458999984	2773.3143458999984	2783.640627200002	2783.640627200002	2783.603316499997
