10A1_7A1	10A1_8A1	11A1_7A1	11A1_8A1	9B1_10A1	9B1_11A1	11B1_7A1	11B1_8A1	11B1_9B1	9B2_10A1	9B2_11A1	11B2_7A1	11B2_8A1	11B2_9B2	9A2_11B1	9A2_11B2	11A2_9B1	11A2_9B2	11A2_9A2
Intensities	3.8034750624999998e-06	1.0000000000000001e-16	1.0000000000000001e-16	3.8119048081e-06	1.943399056e-07	7.756225e-08	1.876882329e-07	4.27993344e-08	1.0785030201000002e-06	1.943399056e-07	7.756225e-08	1.876882329e-07	4.27951969e-08	1.0785030201000002e-06	1.846163089e-07	1.846163089e-07	1.953905209e-07	1.953905209e-07	3.7699270569e-06
2e-08	608454897974610.9	156118460706631.2	719381553456635.4	267045116188655.7	472800931771814.56	583727587253839.1	508515402190404.44	56178964922424.77	372861435987608.2	472800931771814.56	583727587253839.1	508515402190404.44	56178964922424.77	372861435987608.2	372272720030654.0	372272720030654.0	472805066020097.2	472805066020097.2	472216350063143.0
2.0099999999999998e-08	583409664116668.5	159095941289628.25	691374135706082.6	267060412879042.38	473000615634171.56	580965087223585.8	480351710118521.25	56037987291480.93	369942661636024.25	473000615634171.56	580965087223585.8	480351710118521.25	56037987291480.93	369942661636024.25	369400662599888.8	369400662599888.8	473004749863614.3	473004749863614.3	472462750827478.9
2.0200000000000002e-08	559356648151002.75	162005620313825.3	664437486433302.5	267086458596125.06	472742225540398.6	577823063822698.4	453244316664842.7	55893288827665.26	366629894054238.56	472742225540398.6	577823063822698.4	453244316664842.7	55893288827665.26	366629894054238.56	366138746187201.75	366138746187201.75	472746359788681.25	472746359788681.25	472255211921644.44
2.03e-08	536273111796829.06	164846257532998.28	638554655267425.2	267127801003594.44	471964574766620.56	574246118237216.8	427172964116386.7	55746109852555.93	362864427086178.25	471964574766620.56	574246118237216.8	427172964116386.7	55746109852555.93	362864427086178.25	362428678051930.7	362428678051930.7	471968708996066.06	471968708996066.06	471532959961818.5
2.04e-08	514140037493217.3	167618266324878.16	613712412651629.4	267190641483290.22	470603169077318.3	570175544235730.4	402121528876604.6	55599757708265.45	358584660460705.56	470603169077318.3	570175544235730.4	402121528876604.6	55599757708265.45	358584660460705.56	358206790808215.25	358206790808215.25	470607303325598.1	470607303325598.1	470229433673107.8
2.0499999999999998e-08	492937580942601.7	170321646727141.97	589897529010251.1	267281594794791.4	468586899609250.75	565546847676900.2	378073474027714.56	55457539812254.836	353722792694363.7	468586899609250.75	565546847676900.2	378073474027714.56	55457539812254.836	353722792694363.7	353406109803422.75	353406109803422.75	468591447272941.44	468591447272941.44	468274764382000.5
2.0600000000000002e-08	472650858813486.6	172955985286701.88	567100495562818.6	267405622036033.9	465847551294029.9	560297188043361.9	355018050505346.3	55323176978561.52	348214742985889.5	465847551294029.9	560297188043361.9	355018050505346.3	55323176978561.52	348214742985889.5	347959660309577.6	347959660309577.6	465851685542312.5	465851685542312.5	465596602866000.56
2.07e-08	453262920753856.0	175521282022403.28	545311390132297.3	267569751400844.6	462319389781761.2	554367859160202.5	332943682414313.4	55202043682860.62	342000151442218.56	462319389781761.2	554367859160202.5	332943682414313.4	55202043682860.62	342000151442218.56	341807082377112.06	341807082377112.06	462323937445451.9	462323937445451.9	462130868380345.4
2.08e-08	434762190887349.6	178017536934237.94	524524424827601.25	267779770874489.56	457960245739973.7	547722479680225.3	311840861087169.44	55096207134057.79	335038915939793.56	457960245739973.7	547722479680225.3	311840861087169.44	55096207134057.79	335038915939793.56	334905793352329.9	334905793352329.9	457964379988256.3	457964379988256.3	457831257400792.6
2.09e-08	417128824841061.2	180435654675990.16	504732157964152.4	268038987799081.34	452739112391323.1	540342445514414.3	291694289720507.9	55001119555436.836	327304577270769.75	452739112391323.1	540342445514414.3	291694289720507.9	55001119555436.836	327304577270769.75	327228507234244.44	327228507234244.44	452743660055013.75	452743660055013.75	452667590018488.44
2.1000000000000003e-08	400321893622924.0	182794239317833.34	485889112905033.2	268361458599942.56	446666738724825.6	532233958006934.8	272461799151386.22	54934144846295.58	318806644253287.9	446666738724825.6	532233958006934.8	272461799151386.22	54934144846295.58	318806644253287.9	318783905934831.8	318783905934831.8	446671286407353.44	446671286407353.44	446648548088897.4
2.11e-08	384426976068769.5	185083782192323.94	468092444343590.06	268749250467144.47	439798110233213.8	523463578508034.3	254227727856380.84	54884533979935.26	309598862020825.1	439798110233213.8	523463578508034.3	254227727856380.84	54884533979935.26	309598862020825.1	309625321172153.0	309625321172153.0	439802657896904.44	439802657896904.44	439829117048232.3
2.12e-08	369391567253670.4	187304283186439.12	451296262152146.06	269208978084914.84	432281646100149.56	514186340998625.3	236933783019486.62	54846498952255.4	299823861865965.8	432281646100149.56	514186340998625.3	236933369585241.47	54846085518010.21	299823448431720.6	299896211088453.75	299895797654208.56	432286607198088.1	432286607198088.1	432358956420576.06
2.13e-08	355218147764276.94	189456982621757.06	435508834864946.25	269747669722426.4	423357886225457.4	503648573326126.7	220589059986927.56	54827894844407.69	288728798448108.0	423357886225457.4	503648573326126.7	220589059986927.56	54827894844407.69	288728798448108.0	289498180744160.7	289498180744160.7	423362433889150.8	423362433889150.8	424131816185203.5
2.1400000000000003e-08	341906717581749.44	191529891225354.88	420761996108985.4	270385169752590.84	415319680825748.56	494174959352984.5	205181982901183.3	54805156544788.77	278594946145182.47	415319680825748.56	494174959352984.5	205181982901183.3	54805156544788.77	278594946145182.47	278750807051102.2	278750807051102.2	415324641923684.44	415324641923684.44	415480502829604.1
2.15e-08	326924786358367.25	189205474904672.06	404958177702302.75	267238866248607.62	406209053267792.4	484242444611727.94	188227605128496.62	50508293674801.46	267511872037921.78	406209466683203.2	484242858027138.75	188227191713088.56	50507880259393.414	267511872037924.53	267708661917065.7	267708248501657.66	406262798401267.0	406263211816677.75	406459588280410.9
2.16e-08	317944654946422.0	195498762888644.06	394352876031609.94	271906983973832.0	396942151350831.44	473350372436019.4	177253115717286.7	54807223659508.77	256250612121696.12	396942151350831.44	473350372436019.4	177252702283041.53	54806810225263.586	256250198687450.94	256488331011735.75	256487917577490.56	396947112448770.0	396947112448770.0	397184831338809.6
2.17e-08	307321721891179.6	197380669541852.66	382757569419333.94	272816517070006.97	376117151018452.75	451552998546607.06	165355182620552.56	55414130271225.6	234150611747825.7	376117564452700.7	451553411980855.0	165355182620552.56	55414130271225.6	234151025182073.62	234440422072030.7	234440422072030.7	376096066399308.6	376096479833556.56	376385876723513.6
2.1800000000000003e-08	297636434782754.8	199195601467085.6	372271066331342.0	273830233015672.84	377950273617288.2	452584905165875.44	153287332249087.47	54846498933418.266	233601171083620.88	377950273617288.2	452584905165875.44	153287332249087.47	54846498933418.266	233601171083620.88	233926535886537.8	233926535886537.8	377955234696389.6	377955234696389.6	378280599499306.56
2.19e-08	288916079565619.94	200944798967078.4	362922719864509.1	274951439265967.6	368444825998308.6	442451466297197.8	142855401144231.56	54884120545690.07	222384147576920.3	368444825998308.6	442451466297197.8	142855401144231.56	54884120545690.07	222384147576920.3	222758296415373.25	222758296415373.25	368449787096247.25	368449787096247.25	368823935934700.2
2.2000000000000002e-08	281185461729467.97	202627848607588.7	354739402623248.1	276181789501368.84	359023303459329.1	432577244353109.25	133494238535979.89	54936625414100.63	211332080265841.03	359023303459329.1	432577244353109.25	133494238535979.89	54936625414100.63	211332080265841.03	211759560822363.25	211759560822363.25	359028677972678.5	359028677972678.5	359456158529200.7
2.21e-08	274459877964685.6	204246817503336.44	347735170976364.8	277522110515015.62	349737797472197.44	423013090483876.6	125220381398625.73	55007320937276.58	200498300906137.6	349738210906442.6	423013503918121.8	125220381398625.73	55007320937276.58	200498714340382.78	200985314543728.94	200985314543728.94	349743171985544.06	349743585419789.25	350230185623135.44
2.2200000000000004e-08	268737674590792.5	205801705673153.28	341907544450242.5	278971575532603.3	340631304143681.25	413801174003131.3	118035896846891.83	55099927929252.61	189929526399780.6	340631304143681.25	413801174003131.3	118035896846891.83	55099927929252.61	189929526399780.6	190481447631793.22	190481447631793.22	340636678657030.6	340636678657030.6	341188599889043.25
2.23e-08	263991978984544.1	207293339929031.88	337226756419575.5	280528117364063.3	331736483969290.4	404971261404321.75	111916806278415.48	55218167222903.27	179661311263161.75	331736483969290.4	404971261404321.75	111916806278415.48	55218167222903.27	179661311263161.75	180286408548481.1	180286408548481.1	331741858482639.75	331741858482639.75	332366955767959.06
2.2400000000000002e-08	260167805766233.47	208722547158294.28	333632447028987.2	282187188421048.06	323080622931165.94	396545264193919.7	106811018277873.95	55365759669934.78	169723835442806.44	323080622931165.94	396545264193919.7	106811018277873.95	55365759669934.78	169723835442806.44	170431204127656.47	170431204127656.47	323085997444512.6	323085997444512.6	323793366129362.6
2.25e-08	257181643271263.12	210089740757519.62	331034903213200.5	283943000699457.0	314684805667292.06	388538065609229.44	102639568787843.56	55547666274100.07	160142731183872.5	314685219101540.0	388538479043477.4	102639568787843.56	55547666274100.07	160143144618120.4	160943120313783.6	160943120313783.6	314690180180638.7	314690593614886.6	315490569310549.8
2.2599999999999997e-08	254932615992257.44	211396987860259.56	329325807855607.5	285790179723609.6	306567222851268.44	380960414714618.5	99305303152665.84	55769675020667.96	150939910011676.8	306567636285513.6	380960828148863.7	99305303152665.84	55769675020667.96	150940323445922.0	151845722293817.1	151845722293817.1	306572597364617.8	306573010798863.0	307478409646758.06
2.27e-08	253310753113296.62	212644288447685.16	328386094794070.0	287719630128458.56	298741104039921.8	373816445720695.25	96703211673188.48	56036747007577.03	142133562599813.72	298741104039921.8	373816445720695.25	96703211673188.48	56036747007577.03	142133562599813.72	143158027609849.84	143158027609849.84	298746891987516.4	298746891987516.4	299771356997552.5
2.29e-08	251531789101023.53	214964838118359.88	328353434298573.9	291786483315910.25	284010388842846.2	360832034040396.56	93301971366543.78	56735020383880.125	125780571108366.44	284010388842846.2	360832034040396.56	93301557932298.6	56734606949634.94	125780157674121.25	127093192724455.73	127092779290210.55	284016176771603.6	284016176771603.6	285328798387692.94
2.2999999999999998e-08	251193194722445.4	216039740844412.3	329055841904322.5	293902388026289.4	277126050207762.62	354988697389639.7	92334145454363.69	57180691576330.586	118267000939680.9	277126463623170.7	354989110805047.75	92334145454363.69	57180691576330.586	118267414355088.95	119752020417143.38	119752020417143.38	277131838155357.2	277132251570765.25	278616857632819.66
2.3100000000000002e-08	251120432065706.84	217054283658571.25	330155550082388.06	296089401675252.5	270580719347828.12	349615837364509.4	91763206736766.84	57697058329631.26	111223494018888.11	270580719347828.12	349615837364509.4	91763206736766.84	57697058329631.26	111223494018888.11	112897034897769.14	112897034897769.14	270586507295422.66	270586507295422.66	272260048174303.72
2.32e-08	251265130510688.12	218020042437194.22	331517369168264.06	298272281094770.1	264396307769525.2	344648546427101.1	91548639599431.2	58303551525937.3	104679816858268.28	264396307769525.2	344648546427101.1	91548639599431.2	58303551525937.3	104679816858268.28	106545599971436.95	106545599971436.95	264402095717119.75	264402095717119.75	266267878830288.44
2.33e-08	251576025472868.88	218932469497745.16	333113186330142.2	300469630355018.5	258661288235378.97	340198449092652.3	91650341956462.81	59006785981339.11	98735604718972.9	258661288235378.97	340198449092652.3	91650341956462.81	59006785981339.11	98735604718972.9	100720453975445.48	100720453975445.48	258667076182973.53	258667076182973.53	260651925439446.1
2.3500000000000002e-08	252558321188108.12	220603529827655.53	336819120235970.5	304864328875517.94	247255743289582.8	331516542337445.2	92698372115779.31	60743580755326.72	87395794217254.0	247255743289582.8	331516542337445.2	92698372115779.31	60743580755326.72	87395794217254.0	90720964506213.25	90720964506213.25	247261944652588.16	247261944652588.16	250587114941547.44
2.36e-08	253176803713851.22	221363816815164.06	338851513262915.06	307038526364227.9	242562965985992.9	328237675535056.75	93606251512639.6	61793264613952.42	82992413784781.3	242562965985992.9	328237675535056.75	93606251512639.6	61793264613952.42	82992413784781.3	86591270857900.16	86591270857900.16	242569167330158.4	242569167330158.4	246168024403277.25
2.37e-08	253854405848744.0	222076560013357.97	340962043441107.7	309184197605721.7	238139741199442.88	325247378791806.56	94756810878643.69	62978965043257.664	79042146229342.56	238139741199442.88	325247378791806.56	94756810878643.69	62978965043257.664	79042146229342.56	83048226051818.48	83048226051818.48	238145942562448.22	238145942562448.22	242152022384924.16
2.3799999999999998e-08	254575004128095.1	222735971512325.22	343124665091139.94	311285632475370.06	234036093287049.6	322585754250094.44	96147569664818.19	64308537049048.33	75608658823772.69	234036093287049.6	322585754250094.44	96147569664818.19	64308537049048.33	75608658823772.69	80090176407490.72	80090176407490.72	234042294650054.94	234042294650054.94	238523812233772.97
2.4e-08	256098472029811.1	223929940381681.56	347523084406834.2	315354552758704.7	226876000753086.44	318300613130109.56	99598420856657.61	67429889208528.08	70375949579932.95	226876000753086.44	318300613130109.56	99598420856657.61	67429889208528.08	70375949579932.95	75932369889700.66	75932369889700.66	226882202116089.03	226882202116089.03	232438622425856.75
2.41e-08	256882737619676.8	224461190409958.12	349723741065709.2	317302193855990.5	223812527937689.6	316653531383722.0	101635361566129.95	69213814356411.26	68565151884142.75	223812527937689.6	316653531383722.0	101635361566129.95	69213814356411.26	68565151884142.75	74694164629656.39	74694164629656.39	223818729300692.22	223818729300692.22	229947742046205.84
2.4300000000000003e-08	258457056709328.53	225393048390343.94	354062213903763.4	320998205584778.75	218652994784828.12	314258151979262.94	106249174868821.3	73185166549836.7	66445112944320.89	218652994784828.12	314258151979262.94	106249174868821.3	73185166549836.7	66445112944320.89	72751484630311.89	72751484630311.89	218659609582078.66	218659609582078.66	224965981268069.66
2.44e-08	259240082015290.38	225799444308882.2	356179772294617.3	322739134588209.1	216517659135782.47	313457349415109.4	108788012472026.48	75347374765618.3	66065589592518.58	216517659135782.47	313457349415109.4	108788012472026.48	75347374765618.3	66065589592518.58	73896256067555.81	73896256067555.81	216523860498787.8	216523860498787.8	224354526973825.03
2.46e-08	260773058697475.47	226494823701972.16	360272257764903.8	325994022769400.5	213010582242660.66	312509781310088.94	114203868585101.02	79925633589597.7	66441392130286.2	213010582242660.66	312509781310088.94	114203868585101.02	79925633589597.7	66441392130286.2	75294043047554.5	75294043047554.5	213017197021074.06	213017197021074.06	221869847938342.38
2.4700000000000003e-08	261525490603826.8	226795383052867.7	362225686790949.75	327495579239990.7	211583442128118.25	312283638315241.2	117040784952565.02	82310677401605.9	67098736476856.46	211583442128118.25	312283638315241.2	117040784952565.02	82310677401605.9	67098736476856.46	76411941880385.5	76411941880385.5	211590470340779.56	211590470340779.56	220903675744308.62
2.49e-08	262953044133777.28	227268340246304.75	365968828874796.5	330284124987324.0	209252143449587.38	312267928190606.6	122810945568849.53	87126241681377.0	69110044884659.65	209252143449587.38	312267928190606.6	122810945568849.53	87126241681377.0	69110044884659.65	79237282409171.78	79237282409171.78	209258758246837.9	209258758246837.9	219385995771350.06
2.5e-08	263632299986819.12	227451073718960.4	367742418392560.06	331561192124701.3	208299200850054.72	312409319255795.6	125710289000598.53	89529062732739.8	70377189863834.11	208299200850054.72	312409319255795.6	125710289000598.53	89529062732739.8	70377189863834.11	80859558703543.42	80859558703543.42	208306229043878.9	208306229043878.9	218788597883588.22
2.52e-08	264915981902612.62	227715665156904.28	371087019620185.9	333886702874477.5	206714132714872.56	312885170432445.8	131448615933368.67	94248299187660.31	73246766745628.6	206714132714872.56	312885170432445.8	131448615933368.67	94248299187660.31	73246766745628.6	84350512075459.7	84350512075459.7	206721160927533.88	206721160927533.88	217824906257365.0
2.5400000000000002e-08	266090106436728.75	227848787725528.1	374157520648244.0	335916201937043.4	205444507205561.84	313511921417077.1	137013304739704.34	98771986028503.69	76367705508537.42	205444507205561.84	313511921417077.1	137013304739704.34	98771986028503.69	76367705508537.42	87990298102962.86	87990298102962.86	205451535418223.16	205451535418223.16	217074128012648.6
2.55e-08	266629211508488.22	227865324699821.4	375588794973394.75	336824908164727.94	204890105462258.3	313849688927164.9	139703868981712.27	100939982173045.44	77964762935482.34	204890105462258.3	313849688927164.9	139703868981712.27	100939982173045.44	77964762935482.34	89815565658318.16	89815565658318.16	204897547090327.7	204897547090327.7	216748349813163.5
2.57e-08	267624736818225.8	227811166132096.16	378251246383597.25	338437675697467.6	203906156028872.7	314532665594244.1	144865882683538.9	105052311997409.25	81147301894185.8	203906156028872.7	314532665594244.1	144865882683538.9	105052311997409.25	81147301894185.8	93401193136933.2	93401193136933.2	203913597656942.06	203913597656942.06	216167488899689.47
2.59e-08	268494994602817.03	227638354836475.06	380649933186682.94	339793293420340.94	203024322349089.62	315179260932955.5	149702945016702.03	108846305250360.08	84232272762974.64	203024322349089.62	315179260932955.5	149702945016702.03	108846305250360.08	84232272762974.64	96833026862028.27	96833026862028.27	203031763995996.12	203031763995996.12	215632518095049.75
2.61e-08	269236677501309.5	227349371380765.9	382793950747701.9	340906644627158.3	202196647237031.8	315753920483424.2	154191077397670.62	112303771277127.05	87151047133392.94	202196647237031.8	315753920483424.2	154191077397670.62	112303771277127.05	87151047133392.94	100053600848411.58	100053600848411.58	202204502299349.1	202204502299349.1	215107056014367.75
2.63e-08	269846891511652.94	226946696276262.38	384693221206019.9	341793025970629.3	201387989629398.1	316234319323765.0	158318703912421.1	115418508677030.52	89859802030166.23	201387989629398.1	316234319323765.0	158318703912421.1	115418508677030.52	89859802030166.23	103028600882437.98	103028600882437.98	201395844691715.38	201395844691715.38	214564643543987.12
2.65e-08	270326050086929.75	226436530904804.2	386359733872239.56	342470214690114.0	200573130677596.16	316606814462906.0	162084170899318.56	118194651717193.02	92331251489984.97	200573130677596.16	316606814462906.0	162084170899318.56	118194651717193.02	92331251489984.97	105736942363803.23	105736942363803.23	200581399174158.62	200581399174158.62	213987090047976.9
2.67e-08	270673326358644.0	225820115531455.38	387802997507984.75	342949786680796.1	199733879689189.06	316863550838529.8	165490372322736.25	120637161495547.61	94550925653281.33	199733879689189.06	316863550838529.8	165490372322736.25	120637161495547.61	94550925653281.33	108169943380531.33	108169943380531.33	199742148166914.44	199742148166914.44	213361165894164.44
2.69e-08	270880038414825.22	225089181659656.2	389039549087551.5	343248692332382.44	198856180257688.62	317015690930414.9	168536067898778.47	122745211143609.44	96512209741641.88	198856593673096.66	317016104345822.94	168536067898778.47	122745211143609.44	96512623157049.92	110324709968246.28	110324709968246.28	198864862169661.9	198865275585069.94	212677362396266.3
2.71e-08	270965203797569.0	224266881060947.72	390069388592099.9	343371065855478.56	197931350489961.38	317035535284492.2	171249370478082.3	124551047741461.05	98215517170474.67	197931350489961.38	317035535284492.2	171249370478082.3	124551047741461.05	98215517170474.67	112203722638241.77	112203722638241.77	197940032383097.5	197940032383097.5	211928237850864.6
2.7400000000000004e-08	270851925583022.53	222848009442970.53	391256742701879.9	343252826561827.94	196440129630659.16	316844946749516.5	174709730450388.12	126705814310336.12	100297934498024.73	196440543064907.06	316845360183764.44	174709730450388.12	126705814310336.12	100298347932272.66	114522205156516.75	114522205156516.75	196449224958040.47	196449638392288.4	210673495616532.5
2.76e-08	270617927525854.75	221780548326153.1	391823547190031.25	342986167990329.6	195371014833364.16	316576634497540.7	176625537882999.44	127788158683297.8	101378625190508.84	195371014833364.16	316576634497540.7	176625537882999.44	127788158683297.8	101378625190508.84	115744286895355.5	115744286895355.5	195380110160745.47	195380110160745.47	209745771865592.12
2.7900000000000002e-08	270034999497657.97	220002824560106.94	392356450898782.6	342324275961231.56	193648689900110.0	315970141301234.6	178950221764279.75	128918046826728.7	102563912166731.77	193649103315518.03	315970554716642.7	178950221764279.75	128918046826728.7	102564325582139.81	117120575821959.42	117120575821959.42	193658198661739.22	193658612077147.28	208214862316966.9
2.81e-08	269495481010493.22	218702605670025.6	392511484955046.4	341718609614578.75	192419993382860.56	315435997327413.75	180155353113414.4	129362477772946.8	103079865485781.78	192419993382860.56	315435997327413.75	180155353113414.4	129362477772946.8	103079865485781.78	117750634205217.36	117750634205217.36	192429915559897.88	192429915559897.88	207100684279333.47
2.84e-08	268467708620667.56	216585460694579.7	392461874051014.56	340579626124926.7	190457055595188.06	314451221025535.06	181481204305170.38	129598956379082.52	103470551279690.89	190457055595188.06	314451221025535.06	181481204305170.38	129598956379082.52	103470551279690.89	118294700356075.55	118294700356075.55	190467391206473.28	190467391206473.28	205291540282857.94
2.8700000000000002e-08	267186093800762.4	214274006370128.9	392092686291663.06	339180598861029.56	188353553629656.78	313260146120557.44	182272084654612.38	129359997223978.88	103439544483506.75	188353553629656.78	313260146120557.44	182272084654612.38	129359997223978.88	103439544483506.75	118396816109680.81	118396816109680.81	188364302656352.78	188364302656352.78	203321574282526.88
2.89e-08	266196769872864.56	212628164926479.62	391679675594708.7	338111070648323.75	186875975780263.7	312358881502107.8	182525513650449.47	128956908704064.53	103204719557848.58	186875975780263.7	312358881502107.8	182525513650449.47	128956908704064.53	103204719557848.58	118240128372942.25	118240128372942.25	186887551656615.7	186887551656615.7	201922960471709.34
2.92e-08	264518267896047.7	210009536453877.3	390822647385781.44	336313915943611.06	184554185863359.3	310858565353093.06	182527167349761.4	128018435907591.03	102563085317073.05	184554599278770.12	310858978768503.9	182527167349761.4	128018435907591.03	102563498732483.84	117699783017281.62	117699783017281.62	184566175173956.5	184566588589367.28	199702872874165.06
2.96e-08	261937261054548.8	206250684264227.62	389268172650207.0	333581595859885.9	181279453328087.9	308610364923746.1	181893801586713.97	126207224796392.78	101235993860253.05	181279453328087.9	308610364923746.1	181893388171303.2	126206811380982.0	101235580444842.27	116477701297285.48	116477287881874.69	181292269469506.66	181292269469506.66	196533976906539.06
2.99e-08	259761823263103.28	203243850565526.72	387815813668243.4	331297840970666.8	178706301530074.66	306760291935214.75	180999978596336.47	124482005898759.9	99944456863307.84	178706301530074.66	306760291935214.75	180999978596336.47	124482005898759.9	99944456863307.84	115243216832441.5	115243216832441.5	178719944521149.4	178719944521149.4	194018704490283.03
3.02e-08	257395383540105.66	200086530474249.97	386135657992109.06	328826804926253.4	176050464917122.72	304790739369126.1	179795260700281.4	122486407634425.72	98450342077298.45	176050464917122.72	304790739369126.1	179795260700281.4	122486407634425.72	98450342077298.45	113786310205618.84	113786310205618.84	176064934757850.7	176064934757850.7	191400902886171.1
3.06e-08	253968510912949.2	195662892253452.0	383570361275250.3	325264742615753.1	172411092267350.6	302012942629651.7	177779818063035.47	119474199403538.3	96222399417436.88	172411092267350.6	302012942629651.7	177779818063035.47	119474199403538.3	96222399417436.88	111575317954295.78	111575317954295.78	172426802391985.2	172426802391985.2	187779720928844.1
3.09e-08	251210971961800.0	192199224901356.72	381420969200881.94	322409222140438.7	169633295546713.28	299843292785795.25	176012429889440.12	117000682828996.81	94434753474353.39	169633708980961.22	299843706220043.2	176012429889440.12	117000682828996.81	94435166908601.33	109774442435548.36	109774442435548.36	169649832502166.72	169650245936414.66	184989521463361.7
3.13e-08	247314449520998.72	187409292904423.12	378283493463685.3	318378336847109.7	165906690437154.4	296875734379840.94	173397108834298.8	113491952217723.19	91989349750454.47	165906690437154.4	296875734379840.94	173397108834298.8	113491952217723.19	91989349750454.47	107273226444609.5	107273226444609.5	165924881091919.78	165924881091919.78	181208757786074.8
3.17e-08	243198398863760.34	182451924144054.94	374867369863224.8	314120895143519.4	162198275963521.0	293867246962985.5	170594093227397.66	109847618507692.23	89593970327158.31	162198275963521.0	293867246962985.5	170594093227397.66	109847618507692.23	89593970327158.31	104777384967022.77	104777384967022.77	162218533751846.28	162218533751846.28	177401948391710.72
3.2200000000000004e-08	237771793723992.56	176043023270213.47	370236192755426.8	308507422301647.75	157664666945640.34	290129065977074.6	166916272153377.5	105187501699598.42	86809145375025.3	157664666945640.34	290129065977074.6	166916272153377.5	105187501699598.42	86809145375025.3	101798664100124.55	101798664100124.55	157687405282933.53	157687405282933.53	172676924008032.78
3.26e-08	233289862724866.47	170828091284565.47	366311970917068.06	303850199476767.0	154225805026723.84	287247913218925.4	163971038650465.75	101509267210164.73	84906980952323.11	154225805026723.84	287247913218925.4	163971038650465.75	101509267210164.73	84906980952323.11	99686480222617.23	99686480222617.23	154250610478739.75	154250610478739.75	169030109749033.9
3.31e-08	227544094145184.34	164234803238750.9	361163600187476.25	297854309281042.8	150223032584034.66	283842538626326.56	160426753560480.2	97117462654046.75	83105691999330.5	150223032584034.66	283842538626326.56	160426753560480.2	97117462654046.75	83105691999330.5	96631689300356.56	96631689300356.56	150251558850088.03	150251558850088.03	163777556151114.06
3.3599999999999996e-08	221700344060182.3	157616709740920.44	355797768412681.5	291714134093419.6	146623762095507.75	280721186448006.94	157171038548470.0	93087404229208.14	82094456583795.44	146623348680096.97	280720773032596.12	157171038548470.0	93087404229208.14	82094043168384.66	92599150326550.02	92599150326550.02	146656422609840.97	146656009194430.2	157161116352595.56
3.42e-08	214652289456864.44	149747594822795.3	349146187550864.56	284241492916795.4	142880620011658.28	277374518105658.38	153809486912308.44	88904792278239.28	82037817467102.27	142880206577410.38	277374104671410.47	153809486912308.44	88904792278239.28	82037404032854.34	88414471260858.44	88414471260858.44	142918655039338.16	142918241605090.22	149295308833094.3
3.48e-08	207671622996930.3	142076096652301.7	342344947164964.9	276749420820336.28	139657152060896.27	274330476228930.84	151161505361671.03	85565979017042.44	83147034425637.0	139657152060896.27	274330476228930.84	151161091946263.0	85565565601634.39	83146621010228.95	85076071415072.38	85075657999664.33	139702628735485.38	139702628735485.38	141631665724920.75
3.54e-08	200865008116521.16	134730790115546.61	335470944141169.3	269336726140194.75	136527117970603.36	271133053995251.5	149269263116011.62	83135045115037.1	84931372970093.84	136527117970603.36	271133053995251.5	149269263116011.62	83135045115037.1	84931372970093.84	82646377796968.19	82646377796968.19	136581276519491.48	136581276519491.48	134296281346365.81
3.61e-08	193279088725344.97	126740541939392.1	327453823398273.4	260915276612320.47	131968290066458.84	266143024739387.25	147976485853999.66	81437939068046.77	86665687195113.53	131968703500704.03	266143438173632.44	147976485853999.66	81437939068046.77	86666100629358.72	80954646244487.36	80954646244487.36	132035264775602.84	132035678209848.03	126324223824976.69
3.6800000000000005e-08	186215737450477.6	119559778201692.88	319530136497014.94	252874177248230.22	126123713131798.1	259438112178335.44	147554379829663.97	80898420580879.25	87462355510984.47	126123713131798.1	259438112178335.44	147554379829663.97	80898420580879.25	87462355510984.47	80422982819637.16	80422982819637.16	126206397965573.95	126206397965573.95	119167025274226.62
3.76e-08	178947741215309.1	112566709015750.75	310691128551984.2	244310096352425.88	119163717875599.98	250907105212275.1	147947959587949.06	81566927388390.7	88163936248239.94	119164131309847.9	250907518646523.03	147947959587949.06	81566927388390.7	88164349682487.86	81105959486719.17	81105959486719.17	119268314178175.92	119268727612423.84	112210337416655.17
3.85e-08	171972862702975.0	106496402501653.03	301132762649183.3	235656302447861.34	112335604941801.55	241495504888009.88	149247765062622.34	83771304861300.38	89610507301448.89	112335604941801.55	241495504888009.88	149247765062622.34	83771304861300.38	89610507301448.89	83334315561986.06	83334315561986.06	112469140925836.14	112469140925836.14	106192949186373.31
3.95e-08	165881058135479.75	102199272071068.2	291115495959428.1	227433709895016.6	106799855816927.27	232034293640875.66	151455863349563.97	87774077285152.4	92374661031011.47	106799855816927.27	232034293640875.66	151455863349563.97	87774077285152.4	92374661031011.47	87367681366611.44	87367681366611.44	106971840262892.39	106971840262892.39	101964860598492.36
4.05e-08	161519433544724.34	100449661174501.72	281773764271011.4	220703991900788.75	103716538647453.11	223970869373740.12	154639642573334.2	93569870203111.56	96836747676062.95	103716538647453.11	223970869373740.12	154639642573334.2	93569870203111.56	96836747676062.95	93198201894789.42	93198201894789.42	103930692331706.44	103930692331706.44	100292146550432.9
4.17e-08	158396841082503.56	101356300287460.84	271509269948427.2	214468729153384.47	103220429701317.58	216332858567241.2	158076850792936.0	101036309997893.3	102900439411750.02	103217535718101.73	216329964584025.34	158077264227183.94	101036723432141.22	102897958862782.1	100707637815189.6	100708051249437.52	103484607723847.94	103481713740632.08	101291806127287.5
4.3099999999999996e-08	157120187360536.97	105570332450024.62	260833832024777.0	209283977114264.62	106355838304954.36	210069482969194.38	162734487070901.78	111184632160389.4	111970138015319.16	106355838304954.36	210069482969194.38	162734487070901.78	111184632160389.4	111970138015319.16	110901023199189.77	110901023199189.77	106672521195895.28	106672521195895.28	105603406379765.89
4.46e-08	157704355672634.9	112380254747897.55	250800028379568.38	205475927454831.03	112740760595275.75	205836433302209.25	167717074698696.66	122392973773959.33	122753479621337.53	112740760595275.75	205836433302209.25	167717074698696.66	122392973773959.33	122753479621337.53	122147813255850.33	122147813255850.33	113102920123131.52	113102920123131.52	112497253757644.31
4.64e-08	159933125163312.56	121838985427223.97	240433831718787.0	202339691982698.4	122446718907433.9	202947425462908.3	173300781028285.34	135206641292196.77	135814374772406.7	122446718907433.9	202947425462908.3	173300781028285.34	135206641292196.77	135814374772406.7	134996208421980.86	134996208421980.86	122849807446185.38	122849807446185.38	122031641095759.53
4.85e-08	163406714711282.3	132838961304132.38	230239206069722.78	199671452662572.88	134285945753914.98	201118437112355.5	178904745108527.78	148336991701377.88	149783976151160.47	134285945753914.98	201118437112355.5	178904745108527.78	148336991701377.88	149783976151160.47	148152191113996.72	148152191113996.72	134723348487477.23	134723348487477.23	133091563450313.48
5.11e-08	167794798434531.2	144884486791389.38	219875489939072.2	196965178295930.34	147565128856359.97	199645820360900.97	184161846351301.12	161251534708159.28	163932176773129.9	147565128856359.97	199645820360900.97	184161846351301.12	161251534708159.28	163932176773129.9	161088645589578.25	161088645589578.25	148029817572068.94	148029817572068.94	145186286388517.25
5.4299999999999997e-08	172445406499835.62	156586456820964.03	209849954752757.28	193991005073885.66	160447838198464.16	197852386451385.8	188074492350984.94	172215542672113.3	176076924049613.47	160447838198464.16	197852386451385.8	188074492350984.94	172215542672113.3	176076924049613.47	172082006669238.84	172082006669238.84	160920795391898.47	160920795391898.47	156925878011523.88
5.8499999999999994e-08	176865737303169.84	167243704071014.44	200346987682745.66	190724954450590.25	171576802395719.25	195058052775295.06	189655012784804.88	180032979552649.5	184366077877354.28	171576802395719.25	195058052775295.06	189655012784804.88	180032979552649.5	184366077877354.28	179892415355950.8	179892415355950.8	172092342280526.8	172092342280526.8	167618679759123.34
6.440000000000001e-08	180515445526547.44	175958271321714.88	192241807592729.97	187684633387897.4	179462040835049.9	191188402901232.44	188243582813731.47	183686408608898.9	187190178122233.94	179462040835049.9	191188402901232.44	188243582813731.47	183686408608898.9	187190178122233.94	183559073987866.9	183559073987866.9	179990396880110.62	179990396880110.62	176359292745743.6
7.37e-08	182943485445339.7	181939278223628.8	186685387264122.38	185681180042411.53	183697984485250.88	187439886304033.6	185419482568849.1	184415275347138.22	186173981608760.28	183697571051005.72	187439472869788.4	185419482568849.1	184415275347138.22	186173568174515.12	184303237416492.9	184303237416492.9	184229234494690.3	184228821060445.12	182358490302422.94
9.28e-08	184694336644644.47	182888086612550.4	186001170331979.06	184194920299885.03	184509949472674.12	185816783160008.72	185358709222710.44	183552459190616.38	185174322050740.1	184509536057263.3	185816369744597.94	185358709222710.44	183552459190616.38	185173908635329.3	184997789941084.3	184997789941084.3	184767926132201.88	184767512716791.06	184591394022546.06
