R	10A1_6A1	11A1_5A1	7B1_10A1	7B1_11A1	11B1_5A1	11B1_6A1	11B1_7B1	7B2_10A1	7B2_11A1	11B2_5A1	11B2_6A1	11B2_7B2	7A2_11B1	7A2_11B2	11A2_7B1	11A2_7B2	11A2_7A2
Intensities	8.00414663693996e-06	7.99379561184663e-06	6.19289505661779e-07	1.118544917862617e-07	2.6798126180885523e-07	6.003161868721678e-07	1.6845672213650944e-06	6.19289505661779e-07	1.118544917862617e-07	2.6798126180885523e-07	6.003161868721678e-07	1.6845672213650944e-06	6.152160318627063e-07	6.152160318627063e-07	6.22935028315323e-07	6.22935028315323e-07	8.297719399989334e-06
2.12	2099.094866749874	4250.936071326971	2294.8311207709194	2729.739852835686	3873.7886723959673	2156.8561998836376	2352.5924539046828	2294.8311207709194	2729.739852835686	3873.7842828998837	2156.851810387554	2352.588064408599	2352.952392308958	2352.9480028128746	2294.855262974408	2294.855262974408	2295.2152013786836
2.13	2114.236421483496	4175.539951681043	2250.923026293691	2677.263468792953	3806.662356806526	2171.6992691082414	2308.385873918436	2250.923026293691	2677.263468792953	3806.6579673104425	2171.694879612158	2308.3814844223525	2308.974065919363	2308.9696764232795	2250.949363245236	2250.949363245236	2251.537555246163
2.15	2190.3282757095003	4036.7200534716394	2277.163413063099	2691.51834601663	3679.500950934249	2247.4641061256407	2334.2992434792395	2277.163413063099	2691.51834601663	3679.483392974871	2247.446548166263	2334.2816855198616	2214.562664341327	2214.545106381949	2277.450924806966	2277.450924806966	2157.7143456690537
2.16	2157.8394462325377	3970.820601064057	2291.9933138244232	2697.7228938132757	3621.6649964419485	2214.4134215992817	2348.567289191167	2291.9933138244232	2697.7228938132757	3621.658412197823	2214.4068373551563	2348.560704947042	2204.5019473055727	2204.4953630614473	2292.019650775954	2292.019650775954	2147.9543088903592
2.17	2171.767306222653	3909.405015361248	2340.203111018811	2740.77064773209	3565.0624893756176	2227.9923169503018	2396.4281217464595	2340.203111018811	2740.77064773209	3565.058099879534	2227.987927454218	2396.423732250376	2261.7123991052067	2261.708009609123	2340.0933737165615	2340.0933737165615	2205.3776510753087
2.19	2198.6990381010255	3796.395333629567	2333.948084092088	2726.9305775887624	3459.135253933404	2254.421451901537	2389.670497892599	2333.948084092088	2726.9305775887624	3459.1286696892785	2254.4148676574114	2389.6639136484737	2244.6745835861366	2244.667999342011	2333.974421043633	2333.974421043633	2188.9785067371704
2.2	2211.6985204183147	3744.6344368743594	2347.3579839686863	2737.937230256721	3409.501066358236	2267.144396190226	2402.8038597405975	2347.3579839686863	2737.937230256721	3409.4944821141107	2267.1378119461006	2402.797275496472	2257.458980770083	2257.4523965259577	2347.386515668273	2347.386515668273	2202.041636697759
2.22	2236.7625231609272	3650.1528034088988	2373.3196379364963	2761.8621596642624	3316.5140551360237	2291.6662966158183	2428.2234113913873	2373.3196379364963	2761.8621596642624	3316.5074708918983	2291.659712371693	2428.216827147262	2282.112565978314	2282.1059817341884	2373.348169636083	2373.348169636083	2227.2373242230096
2.23	2248.824848838194	3607.24112374385	2385.8713920526498	2774.7562942003424	3272.9944307376863	2303.463057979723	2440.5096011941787	2385.8713920526498	2774.7562942003424	3272.9900412416027	2303.4586684836395	2440.505211698095	2293.9795592046867	2293.975169708603	2385.8999237522366	2385.8999237522366	2239.3698817627446
2.25	2271.9947855434	3529.5580784606136	2410.1123649285873	2802.282802273854	3191.5100848664442	2326.1172292944975	2464.2348086796846	2410.1123649285873	2802.282802273854	3191.503500622319	2326.110645050372	2464.2282244355592	2316.7895575056173	2316.782973261492	2410.1408966281742	2410.1408966281742	2262.695645454107
2.26	2283.102396546383	3494.558459220789	2421.805973234368	2816.8427492506744	3153.3917311304685	2336.972444472369	2475.676021160354	2421.805973234368	2816.8427492506744	3153.3851468863577	2336.965860228258	2475.6694369162433	2327.7281730591494	2327.7215888150386	2421.834504933955	2421.834504933955	2273.8866568327503
2.28	2304.3453459935845	3431.6460565267043	2444.3306544895895	2847.30582788265	3082.049307897658	2357.7237707575987	2497.7090792536037	2444.3306544895895	2847.30582788265	3082.0427236535324	2357.7171865134733	2497.7024950094783	2348.6638580301224	2348.657273785997	2444.359186189162	2444.359186189162	2295.3139649656805
2.3	2324.2824213543936	3377.3348645937804	2465.7096781905566	2879.1691546669317	3016.784137174909	2377.1911704118975	2518.6184272480605	2465.7096781905566	2879.1691546669317	3016.7775529307837	2377.184586167772	2518.611843003935	2368.335369102526	2368.3287848584005	2465.7404046381853	2465.7404046381853	2315.4573464926507
2.31	2333.739583177885	3353.2738609074877	2475.97450664443	2895.6604783729126	2986.2661898668593	2386.417883865739	2528.6528073322843	2475.97450664443	2895.6604783729126	2986.259605622734	2386.4112996216136	2528.646223088159	2377.693767339035	2377.6871830949094	2476.005233092059	2476.005233092059	2325.0461930988095
2.33	2351.686023687318	3309.905674024194	2495.6526019859302	2928.623373052469	2929.161085898362	2403.912206628025	2547.8787849266373	2495.6526019859302	2928.623373052469	2929.165475394446	2403.9165961241088	2547.883174422721	2395.436096405392	2395.4404859014758	2495.6833284335444	2495.6833284335444	2343.2406399122992
2.35	2368.2783057033666	3272.559870974874	2514.1938187154446	2961.6235784237797	2876.932708184657	2420.0809026214847	2565.9964156335627	2514.1938187154446	2961.6235784237797	2876.934902932684	2420.083097369512	2565.99861038159	2411.88352520045	2411.8857199484773	2514.226739911115	2514.226739911115	2360.1138494780025
2.36	2376.058681345923	3255.844683168325	2523.0605937650107	2977.996385810373	2852.50518187492	2427.65497209788	2574.6568845169677	2523.0605937650107	2977.996385810373	2852.5095713710034	2427.6593615939637	2574.6612740130513	2419.637563866505	2419.6419533625885	2523.0935149357247	2523.0935149357247	2368.074194285262
2.38	2390.5110857186373	3225.776658834453	2539.36536401225	3009.567811329791	2806.7754479458526	2441.7123221475777	2590.5666004411905	2539.36536401225	3009.567811329791	2806.7798374419363	2441.7167116436613	2590.570989937274	2434.1163051907643	2434.120694686848	2539.3982852079207	2539.3982852079207	2382.9479899574944
2.4	2403.6093316229235	3199.525298349792	2507.844417672837	2993.3069360184163	2764.8865200695145	2454.433071688225	2558.6681577381387	2507.846612395937	2993.309130741516	2764.8887148175418	2454.4352664362523	2558.6725472092658	2447.212356371965	2447.2145511199924	2507.8773388685076	2507.8795335916075	2396.421537502334
2.42	2415.259045017796	3176.397061857351	2476.459545587233	2976.848533508106	2726.47187559749	2465.7228466788074	2526.9233472482447	2476.461740335275	2976.8507282561477	2726.474070345532	2465.725041426849	2526.9277367443283	2458.927912133193	2458.9301068812347	2476.494661505989	2476.4968562540307	2408.499226390937
2.44	2425.4185256155906	3155.8235100137535	2447.545957799739	2962.2907812793273	2691.1979130521504	2475.537752133576	2497.665184317724	2447.545957799739	2962.2907812793273	2691.200107800192	2475.5399468816177	2497.667379065766	2469.232246001906	2469.2344407499477	2447.5810737434367	2447.5810737434367	2419.1481354276184
2.46	2434.0855787680775	3137.293266999477	2420.8885692767944	2949.2210670746135	2658.752978511053	2483.8777880774724	2470.6807785861893	2420.8907640248362	2949.2232618226553	2658.7551732590946	2483.879982825514	2470.685168082273	2478.1012158244703	2478.103410572512	2420.9236852205067	2420.9258799685485	2428.3441224587878
2.48	2441.2777623847505	3120.330072863915	2396.272294760289	2937.235557528882	2628.8473654324043	2490.758317721833	2445.7528500973713	2396.2744895083306	2937.237752276924	2628.849560180446	2490.760512469875	2445.757239593455	2485.5128740705986	2485.5150688186404	2396.309605452043	2396.3118002000847	2436.0696294252703
2.5	2446.885339188302	3104.8307744990016	2373.4886334109033	2926.2925524792663	2601.2067305106466	2496.0652142683102	2422.6685084909113	2373.4886334109033	2926.2925524792663	2601.2089252586884	2496.067409016352	2422.670703238953	2491.4452733097423	2491.447468057784	2373.5237493546156	2373.5237493546156	2442.3005141734466
2.52	2450.956593585739	3090.4332387524773	2352.329084339377	2916.073813684372	2575.5830674667086	2499.8511516449653	2401.2236423986033	2352.331279087419	2916.076008432414	2575.5830674667086	2499.8511516449653	2401.225837146645	2495.894024070818	2495.894024070818	2352.368589754202	2352.3707845022436	2447.0389714264165
2.54	2453.520057251677	3076.946522769271	2332.611483583052	2906.421319484827	2551.7525121500803	2502.1358825342613	2381.2273088656366	2332.6136783310794	2906.4235142328544	2551.754706898122	2502.138077282303	2381.2316983617056	2484.070925730426	2484.073120478468	2332.6509889978915	2332.653183745919	2435.494605862681
2.56	2454.6108461547847	3064.2235784556397	2314.147082960102	2897.2077745192364	2529.517537386768	2502.965496645047	2362.5017334503646	2314.149277708144	2897.209969267278	2529.5197321348096	2502.967691393089	2362.506122946448	2465.270728931675	2465.2729236797168	2314.184393651856	2314.186588399898	2416.9533891331666
2.59	2450.7305346872163	3049.1939557722944	2288.4795249802846	2883.980038555368	2501.6618173316674	2498.6989098216727	2336.447900114741	2288.4817197283264	2883.98223330341	2501.6618173316674	2498.6989098216727	2336.450094862783	2439.0413159024756	2439.0413159024756	2288.521225168108	2288.5234199161496	2391.1146409558423
2.61	2431.890832473626	3054.459152155905	2272.495187672568	2875.438085941394	2499.2300384483824	2479.604617034929	2320.2089722338715	2272.49738242061	2875.440280689436	2499.2300384483824	2479.604617034929	2320.2111669819133	2422.6728980119515	2422.6728980119515	2272.5368878354493	2272.539082583491	2375.0008136135293
2.63	2414.0299870629533	3057.9948884554906	2257.2592588729894	2867.038791875253	2495.676744189419	2461.4913757991453	2304.7206476091815	2257.2592588729894	2867.038791875253	2495.6789389374608	2461.493570547187	2304.7228423572233	2407.0506938315957	2407.0528885796375	2257.300959060827	2257.300959060827	2359.6310052832414
2.66	2388.7750414154434	3060.485925485991	2235.5400495001086	2854.585801371053	2488.5306502067688	2435.8655180071655	2282.6305260918307	2235.5422442481504	2854.587996119095	2488.5306502067688	2435.8655180071655	2282.6327208398725	2384.769629384391	2384.769629384391	2235.5839444110316	2235.5861391590734	2337.723047703592
2.68	2372.788509359685	3060.5232361777307	2221.6670581111975	2846.381839680951	2482.6465353995445	2419.6265901512525	2268.505138902765	2221.6692528592394	2846.384034428993	2482.6465353995445	2419.6265901512525	2268.5073336508067	2370.527920673907	2370.527920673907	2221.7109530221205	2221.7131477701623	2323.7337347932626
2.71	2349.822684047642	3058.4843168694206	2201.530260803411	2833.900317477164	2472.5726498755394	2396.281073727514	2247.988650483283	2201.5324555514526	2833.902512225206	2472.5726498755394	2396.281073727514	2247.990845231325	2349.8577999913396	2349.8577999913396	2201.5763504873175	2201.5785452353593	2303.445499995374
2.73	2335.04984673539	3055.9230479265825	2188.4364043951937	2825.481270678647	2465.075396505723	2381.2470615979837	2234.6336192577874	2188.4385991432355	2825.483465426689	2465.075396505723	2381.2470615979837	2234.635814005829	2336.4171736671124	2336.4171736671124	2188.4846888022003	2188.486883550242	2290.2682432115253
2.76	2313.4930485678487	3050.534945777428	2169.1160527099273	2812.633225826474	2452.8111542082916	2359.2864301152586	2214.909434257337	2169.118247457969	2812.6354205745156	2452.8111542082916	2359.2864301152586	2214.911629005379	2316.594225079665	2316.594225079665	2169.1665318649757	2169.1687266130175	2270.8513226873038
2.79	2292.456405286808	3043.513952358233	2150.004201938864	2799.438411083218	2439.449538738685	2337.8262008116144	2195.37399746367	2150.006396661949	2799.440605806303	2439.449538738685	2337.8262008116144	2195.3761921867554	2296.99075114663	2296.99075114663	2150.0546810938977	2150.056875816983	2251.6714347768575
2.82	2271.7380001972488	3035.061984339103	2130.931856582625	2785.8200102924166	2425.0937031550275	2316.6578727229644	2175.851729108341	2130.934051330667	2785.8222050404584	2425.0915084069857	2316.6556779749226	2175.851729108341	2277.437756343672	2277.43556159563	2130.9845305106574	2130.986725258699	2232.5705577459885
2.85	2251.175422118802	3025.3238950408268	2111.7585529163043	2771.714375835727	2409.8072952004004	2295.6146451977984	2156.1977759953006	2111.760747664346	2771.7165705837688	2409.8072952004004	2295.6146451977984	2156.1999707433424	2257.790387474757	2257.790387474757	2111.8156163154636	2111.8178110635054	2213.40822779492
2.88	2230.6347914958315	3014.4028374217014	2092.3767483358097	2757.0666390121187	2393.636404433957	2274.558249184396	2136.3002060243743	2092.3789430838515	2757.0688337601605	2393.636404433957	2274.558249184396	2136.302400772416	2237.9323229436122	2237.9323229436122	2092.4360064830107	2092.4382012310525	2194.0681234022486
2.91	2210.0129552452127	3002.384406680314	2072.705237238435	2741.841683927778	2376.6139521511795	2253.378947405421	2116.0712293986435	2072.707431986477	2741.8438786758197	2376.6117574031377	2253.3767526573793	2116.0712293986435	2217.777967676433	2217.7757729283912	2072.766690133678	2072.7688848817197	2174.4734284114675
2.94	2189.2199288220727	2989.3322504349926	2052.673787761756	2726.0065893621213	2358.764080480716	2231.9845604681614	2095.438419407845	2052.675982509798	2726.008784110163	2358.764080480716	2231.9845604681614	2095.4406141558866	2197.252700264784	2197.252700264784	2052.7396301530825	2052.7418249011243	2154.5539110100217
2.97	2168.2052329964936	2975.3122110770346	2032.2516734581295	2709.55696586892	2340.1219054161484	2210.320219746398	2074.366660208034	2032.2538682061713	2709.559160616962	2340.1197106681066	2210.318024998356	2074.366660208034	2176.3170153187675	2176.3148205707257	2032.321905320583	2032.3241000686248	2134.2722604313167
3.01	2139.7613209404517	2955.1863875094423	2004.3542532151914	2686.6394249888253	2314.0658773574396	2180.925982562083	2045.5189148368227	2004.3542532151914	2686.6394249888253	2314.0658773574396	2180.925982562083	2045.5189148368227	2147.701913065248	2147.701913065248	2004.428874598685	2004.428874598685	2106.6118728271103
3.04	2118.0706432671577	2939.0813391592965	1982.913776618967	2668.7171267078666	2293.6679052323598	2158.4605594291206	2023.3036927809299	1982.9159713670088	2668.7193214559084	2293.6679052323598	2158.4605594291206	2023.3058875289717	2125.695191898587	2125.695191898587	1982.9949822465715	1982.9971769946133	2085.3864813642285
3.08	2088.6676270906755	2916.3503517379286	1953.6512241923629	2643.868209098626	2265.388599154656	2127.9228594136657	1992.906456515353	1953.6534189404047	2643.8704038466676	2265.388599154656	2127.9228594136657	1992.9086512633949	2095.618388622446	2095.618388622446	1953.736819291109	1953.7390140391508	2056.448751398202
3.12	2058.7115348320367	2892.2761795883416	1923.6424580306339	2617.9636185299896	2235.9614407746703	2096.717956517721	1961.6488797163183	1923.6424580306339	2617.9636185299896	2235.9614407746703	2096.717956517721	1961.6488797163183	2064.7273344468413	2064.7273344468413	1923.7368321215326	1923.7368321215326	2026.8152868520556
3.16	2028.2484562000755	2866.970754735885	1892.9489310290082	2591.062613124188	2205.482998906431	2064.8743824658013	1929.574857294734	1892.9489310290082	2591.062613124188	2205.482998906431	2064.8743824658013	1929.574857294734	2033.0659243326227	2033.0659243326227	1893.0520841120742	1893.0520841120742	1996.5431511499628
3.2	1997.265222681599	2840.4911406296305	1861.5860064238077	2563.187140386639	2173.9949737377465	2032.3701897525461	1896.6909734947549	1861.5838116757513	2563.1849456385826	2174.0717898443254	2032.447005859125	1896.7655948532774	2000.638547750903	2000.7153638574819	1861.7001332221407	1861.6979384740844	1965.6477074782888
3.24	1965.9154665147216	2813.0129169630964	1829.7204848665133	2534.475469269193	2141.771708574117	1999.429242528422	1863.2342608802137	1829.7182901184715	2534.4732745211513	2141.7739033221587	1999.4314372764638	1863.2342608802137	1967.6822372905008	1967.6844320385426	1829.8455854050553	1829.8433906570135	1934.2935618153424
3.28	1934.3703779718344	2784.7116634049744	1797.5411146387778	2505.0658688485855	2108.8834352530976	1966.0669040297653	1829.2376406967087	1797.538919890736	2505.0636741005437	2108.8856300011394	1966.069098777807	1829.2376406967087	1934.2277194489725	1934.2299141970143	1797.6793836405996	1797.6771888925578	1902.6694623928634
3.33	1894.7332597891218	2748.248148394501	1756.96464504303	2467.4128013480076	2066.9923126287176	1923.9255803283158	1786.156965582224	1756.9624502949882	2467.410606599966	2066.9945073767594	1923.9277750763576	1786.156965582224	1891.880089581362	1891.8822843294038	1757.122666777228	1757.1204720291862	1862.845790776366
3.37	1863.0082020066475	2718.3710670154105	1724.3858309712377	2436.703911110104	2033.0439768522047	1889.9991919823078	1751.376820946898	1724.383636223196	2436.701716362062	2033.0461716002465	1890.0013867303496	1751.376820946898	1857.7342266308697	1857.7364213789115	1724.5636054128554	1724.5614106648136	1830.921011096827
3.42	1823.5488582904945	2680.3163608977775	1683.7544927243434	2397.749359019217	1990.294708417452	1847.5220721050428	1707.7277065388917	1683.7522979763016	2397.7471642711753	1990.2990979135357	1847.5264616011264	1707.7299012869335	1814.9278947969578	1814.9322842930414	1683.9586041175062	1683.9564093694644	1791.1587923755724
3.47	1784.5591902558954	2641.6910207635374	1643.494066572035	2358.3646366616013	1947.4620396319951	1805.2007792139193	1664.135655530059	1643.494066572035	2358.3646366616013	1947.4620396319951	1805.2007792139193	1664.135655530059	1772.2378845343628	1772.2378845343628	1643.7289044128265	1643.7289044128265	1751.8311334171303
3.53	1738.7680034565274	2594.8814716715715	1596.0809622428496	2310.8220422978047	1896.3442035537737	1754.9718153936847	1612.284774180007	1596.0809622428496	2310.8220422978047	1896.3442035537737	1754.9718153936847	1612.284774180007	1721.5480239997705	1721.5480239997705	1596.3618897675478	1596.3618897675478	1705.6251395873114
3.58	1701.760191356021	2555.722808187522	1557.6619282747706	2271.1980926033284	1854.3082276584755	1713.8817751555325	1569.783512074282	1557.6619282747706	2271.1980926033284	1854.3082276584755	1713.8817751555325	1569.783512074282	1680.0739031538542	1680.0739031538542	1557.9867507103772	1557.9867507103772	1668.2771417899494
3.64	1659.1469971750776	2508.8430272330734	1513.3302477499965	2223.956178496577	1804.948383388808	1665.878284077393	1520.0615346523118	1513.3302477499965	2223.956178496577	1804.948383388808	1665.878284077393	1520.0615346523118	1631.6534102722653	1631.6534102722653	1513.7187178538443	1513.7187178538443	1625.3105934737978
3.7	1618.899739535962	2462.3517163575452	1471.3710880111903	2177.3309881152963	1757.2016776318487	1619.7096009143715	1472.1809493895998	1471.373282759232	2177.333182863338	1757.2016776318487	1619.7096009143715	1472.1831441376416	1585.1423466893175	1585.1423466893175	1471.8341794735752	1471.836374221617	1584.7955767732929
3.77	1575.470099757411	2408.955733634153	1426.0298241859564	2124.117169304649	1704.2643968997145	1568.8661081416649	1419.4258325702103	1426.0298241859564	2124.117169304649	1704.2622021516727	1568.863913393623	1419.4236378221685	1534.0574318317085	1534.0552370836667	1426.600458202549	1426.600458202549	1541.232057464047
3.83	1541.6534487635654	2364.1631563700794	1390.7185509738192	2079.840357455949	1661.4690387560986	1528.0811376317142	1377.146239841968	1390.7185509738192	2079.840357455949	1661.4690387560986	1528.0811376317142	1377.146239841968	1493.2527085893817	1493.2527085893817	1391.3901433254505	1391.3901433254505	1507.496612072864
3.9	1506.5133657489205	2313.3284425895254	1354.1079879194294	2030.0854588382936	1615.243292193918	1484.4056862721773	1332.0003084426862	1354.1079879194294	2030.0854588382936	1615.243292193918	1484.4056862721773	1332.0003084426862	1449.8494057873322	1449.8494057873322	1354.9178493227955	1354.9178493227955	1472.7669466674415
3.98	1472.3740870425536	2257.476538754403	1318.8340253990318	1976.2834480516758	1567.9662621684256	1440.3132331092202	1286.7731714656984	1318.8340253990318	1976.2834480516758	1567.9662621684256	1440.3132331092202	1286.7731714656984	1406.579982491021	1406.579982491021	1319.8128822518484	1319.8128822518484	1439.6196932771709
4.06	1444.4591088651796	2204.1046982344997	1290.6205617126543	1926.0676526947354	1534.6785450282914	1410.4800466410525	1256.6414994885272	1290.6205617126543	1926.0676526947354	1534.6785450282914	1410.4800466410525	1256.6414994885272	1378.2677551927045	1378.2677551927045	1291.7793877551303	1291.7793877551303	1413.4056434593076
4.14	1422.5445670414047	2153.5157959850476	1269.559776203154	1880.0350437855086	1533.1071066535078	1412.6111452922196	1259.6263544539688	1269.559776203154	1880.0350437855086	1533.1071066535078	1412.6111452922196	1259.6263544539688	1382.7889325892174	1382.7889325892174	1270.896376712204	1270.896376712204	1394.0589548474527
4.23	1404.3567044969823	2100.071528854649	1254.1592414501938	1833.8049077521864	1533.5372769451933	1417.4681188895192	1267.2706558427308	1254.1592414501938	1833.8049077521864	1533.5372769451933	1417.4681188895192	1267.2706558427308	1391.581086280261	1391.581086280261	1255.686784864156	1255.686784864156	1379.997215301686
4.32	1392.06393045008	2050.31882498505	1247.0241212077526	1793.8912515408738	1535.117494262231	1423.7297300603823	1278.6899208180548	1247.0241212077526	1793.8912515408738	1535.117494262231	1423.7297300603823	1278.6899208180548	1403.2812787802686	1403.2812787802686	1248.722854844149	1248.722854844149	1373.3142128063628
4.42	1384.0970013986953	1999.3524264218431	1247.9129934657394	1757.2302093314356	1537.8499534275325	1431.9117442700808	1295.727736337125	1247.9129934657394	1757.2302093314356	1537.8499534275325	1431.9117442700808	1295.727736337125	1419.3841323823872	1419.3841323823872	1249.7785278035444	1249.7785278035444	1373.4349238488066
4.53	1380.787323972676	1948.3882225567795	1257.9671262573684	1725.8541162130277	1541.695148926432	1441.9812402979878	1319.1610425826802	1257.9671262573684	1725.8541162130277	1541.695148926432	1441.9812402979878	1319.1610425826802	1440.3505438009597	1440.3505438009597	1259.9840981102025	1259.9840981102025	1381.173599328482
4.64	1381.82104947661	1902.487298455162	1275.1059001364047	1702.4493416919868	1546.10658902071	1452.78378159774	1346.0686322575348	1275.1059001364047	1702.4493416919868	1546.10658902071	1452.78378159774	1346.0686322575348	1463.889197877652	1463.889197877652	1277.245777779739	1277.245777779739	1395.0663433998561
4.76	1386.563896225678	1857.7869005589018	1298.6489436842385	1683.614028949538	1551.2686322962982	1465.0107132283738	1377.0957606869342	1298.6489436842385	1683.614028949538	1551.2686322962982	1465.0107132283738	1377.0957606869342	1491.26865795716	1491.26865795716	1300.900753377864	1300.900753377864	1415.0736506480898
4.89	1394.6471468483796	1815.0968902713503	1326.3817579238967	1668.2398310982098	1556.8015877413127	1478.2099174926552	1409.9445285681722	1326.3817579238967	1668.2398310982098	1556.8015877413127	1478.2099174926552	1409.9445285681722	1521.2203607197298	1521.2203607197298	1328.7301364814193	1328.7301364814193	1440.0059686329769
5.03	1405.495777807082	1775.1042232054024	1355.7716056121135	1654.9089420762175	1562.3125956809672	1491.841486746751	1442.1173145517823	1355.7738003601553	1654.9111368242593	1562.3125956809672	1491.841486746751	1442.1195092998241	1552.1201938625454	1552.1201938625454	1358.2011897723132	1358.203384520355	1468.2040690830763
5.19	1419.3929113745544	1735.9038595335296	1386.3817322879913	1641.4924579554936	1567.5602340802434	1506.1600115887704	1473.1488325022074	1386.3839270360331	1641.4946527035354	1567.5602340802434	1506.1600115887704	1473.1510272502492	1566.2828917433508	1566.2828917433508	1388.8837430586718	1388.8859378067136	1482.0178022998152
5.35	1433.7663048926333	1702.6732058175257	1412.7472195959272	1628.9516776045057	1571.2539921140415	1518.5515491977276	1497.5324639010214	1412.7472195959272	1628.9516776045057	1571.2539921140415	1518.5515491977276	1497.5324639010214	1569.3533418075676	1569.3533418075676	1415.3040990177396	1415.3040990177396	1487.1249769242859
5.54	1450.4310135441337	1669.6554424618662	1438.561825544777	1614.8679905783065	1573.2117057947034	1530.2934419105004	1518.4242539111438	1438.561825544777	1614.8679905783065	1573.2117057947034	1530.2934419105004	1518.4242539111438	1570.5450890456996	1570.5450890456996	1441.162599927411	1441.162599927411	1493.2834350619669
5.74	1466.56898308995	1641.400278612622	1459.932070278548	1601.1661894368153	1572.7639775686112	1539.1668012042064	1532.5298883928044	1459.932070278548	1601.1661894368153	1572.7639775686112	1539.1668012042064	1532.5298883928044	1569.190930577286	1569.190930577286	1462.646971459515	1462.646971459515	1499.3080136439967
5.96	1482.2241084410198	1616.4877133600821	1478.2560071516054	1588.096475232087	1569.5486742334906	1545.1255373949098	1541.1574361054954	1478.2560071516054	1588.096475232087	1569.5486742334906	1545.1255373949098	1541.1574361054954	1565.165765863756	1565.165765863756	1481.0104137474118	1481.0104137474118	1505.0187435056723
6.21	1497.1242410897394	1594.5863400245726	1494.0801279521256	1576.0165915705147	1563.8818392827525	1548.3562039663084	1545.3120908286946	1494.0801279521256	1576.0165915705147	1563.8840340307943	1548.3583987143502	1545.3142855767364	1558.7263802263333	1558.728574974375	1496.8652609955607	1496.8652609955607	1510.2795503931993
6.5	1510.7492260997096	1575.8914910319727	1507.6063494000555	1565.5147305278224	1556.5250496877416	1549.2911658832454	1546.1482891835913	1507.6063494000555	1565.5147305278224	1556.5250496877416	1549.2911658832454	1546.1482891835913	1550.6738560512458	1550.6738560512458	1510.4156246719358	1510.4156246719358	1514.9411915395904
6.82	1521.8941478194029	1561.482981595138	1518.204779281703	1557.4380641492462	1549.137533645131	1548.7819847369392	1545.0926161992393	1518.204779281703	1557.4380641492462	1549.137533645131	1548.7819847369392	1545.0926161992393	1542.7376534225332	1542.7376534225332	1521.0250282688357	1521.0250282688357	1518.6700654921297
7.19	1525.6427745043184	1555.6647091293416	1526.4899465744675	1551.3476431509189	1547.6494956460083	1542.4852575974364	1543.3324296675855	1526.4877518264257	1551.345448402877	1547.6494956460083	1542.4852575974364	1543.3302349195437	1535.6595966041932	1535.6595966041932	1529.3101955616003	1529.3080008135585	1521.637362498208
7.62	1528.175511747584	1551.885355996812	1530.3307526022545	1544.8468046182534	1547.4651369602798	1538.2713447270507	1540.4265855817212	1530.3307526022545	1544.8468046182534	1547.4651369602798	1538.2713447270507	1540.4265855817212	1535.3611111201317	1535.3611111201317	1531.3249726664071	1531.3249726664071	1526.2594982048176
8.14	1529.9839826862299	1549.3328660710831	1532.872268812731	1540.3541589462693	1547.0349666935508	1535.167973442236	1538.056259568737	1532.872268812731	1540.3541589462693	1547.0349666935508	1535.167973442236	1538.056259568737	1535.1811419055302	1535.1811419055302	1532.5628095884604	1532.5628095884604	1529.6876919252536
8.76	1531.511526125134	1547.390515601728	1532.2116502013087	1539.7835249296622	1544.0940066639596	1535.786891915719	1536.4870159918937	1532.2116502013087	1539.7835249296622	1544.0940066639596	1535.786891915719	1536.4870159918937	1534.9309408534027	1534.9309408534027	1533.322191811836	1533.322191811836	1531.766116673345
9.55	1532.2862715598458	1546.363374316963	1532.3082190153073	1539.0395059176371	1542.9154278891074	1535.56961203432	1535.5915594897815	1532.3082190153073	1539.0395059176371	1542.9154278891074	1535.56961203432	1535.5915594897815	1534.715855720031	1534.715855720031	1533.7589463226905	1533.7589463226905	1532.88324255294
10.56	1532.6242624837032	1545.9002828545636	1532.3696719355066	1538.7080992378906	1542.3952730026067	1535.4576799341303	1535.2030893859337	1532.3696719355066	1538.7080992378906	1542.3974677506485	1535.459874682172	1535.2052841339755	1534.586365660478	1534.5885604085197	1533.954278748628	1533.954278748628	1533.3375550231722
11.96	1532.7318050628674	1545.7444558684074	1532.398203610137	1538.5983619106992	1542.2306670242833	1535.4181745193055	1535.084573066575	1532.398203610137	1538.5983619106992	1542.2306670242833	1535.4181745193055	1535.084573066575	1534.5336917573877	1534.5336917573877	1534.0201211150124	1534.0201211150124	1533.469239805825
14.03	1532.7581420144124	1545.7115346727514	1532.4113720983878	1538.5742197071959	1542.202135349653	1535.411590300122	1535.0648203840974	1532.4113720983878	1538.5742197071959	1542.202135349653	1535.411590300122	1535.0648203840974	1534.5205232940934	1534.5205232940934	1534.0332896282052	1534.0332896282052	1533.4889925382013
17.58	1532.7603367374977	1545.7071452016244	1532.4157615695149	1538.5720249591686	1542.1999406016112	1535.4093955271383	1535.0648203591554	1532.413566821473	1538.5698302111268	1542.1999406016112	1535.4093955271383	1535.0626256111136	1534.5183285460516	1534.5183285460516	1534.0376790993323	1534.0354843512905	1533.4911872862285
25.83	1532.7625315104815	1545.704950428626	1532.4157615944569	1538.5676354630705	1542.202135349653	1535.411590300122	1535.0648203840974	1532.4179563424987	1538.5698302111123	1542.202135349653	1535.411590300122	1535.0670151321392	1534.5183285460516	1534.5183285460516	1534.0354843762325	1534.0376791242743	1533.4889925381867
