R	7A1_5A1	7A1_6A1	8A1_5A1	8A1_6A1	7B1_7A1	7B1_8A1	9B1_5A1	9B1_6A1	9B1_7B1	7B2_7A1	7B2_8A1	9B2_5A1	9B2_6A1	9B2_7B2	7A2_9B1	7A2_9B2	9A2_7B1	9A2_7B2	9A2_7A2
Intensities	2.5838520728498914e-15	6.301936032319211e-05	7.306604943937536e-05	2.5838520728498914e-15	4.1241440483832084e-06	1.704285071961794e-06	1.333193319247148e-06	3.5179127943023436e-06	1.0078643223960556e-05	4.1241440483832084e-06	1.704285071961794e-06	1.333193319247148e-06	3.518008135214016e-06	1.0078643223960556e-05	3.5349038282910017e-06	3.5349038282910017e-06	4.244653898128803e-06	4.244653898128803e-06	6.541195643301374e-05
2.12	1855.1005310775217	138.16805856519204	2821.607543455204	1104.6750709428743	333.9043125862372	1300.4113249639195	2603.985279334913	887.0528068225831	1082.7890608436282	333.9043125862372	1300.4113249639195	2603.985279334913	887.0528068225831	1082.7890608436282	1083.1489992479037	1083.1489992479037	1302.979178125941	1302.979178125941	1303.3391165302164
2.13	1863.5151884048973	228.5521007066127	2743.3560588784458	1108.392971180161	365.2387055168074	1245.0795759903558	2527.1120954300713	892.1490077317867	1028.8356125419814	365.2387055168074	1245.0795759903558	2527.1120954300713	892.1490077317867	1028.8356125419814	1029.4238045429083	1029.4238045429083	1247.6430396812357	1247.6430396812357	1248.2312316821626
2.15	1986.8840726813505	554.8472278727422	2517.856850276643	1085.8200054680347	641.6823652263411	1172.6551428216335	2381.675037116671	949.6381923080626	1036.4733296616614	641.6823652263411	1172.6551428216335	2381.672842368629	949.6359975600208	1036.4711349136196	916.7367505237489	916.7345557757071	1252.361744201844	1252.361744201844	1132.6251650639315
2.16	1877.2762477185752	470.02467287590844	2527.1779378214123	1119.9263629787456	604.1785404677939	1254.080230570631	2315.319077490829	908.0675026481622	1042.2213702400477	604.1785404677939	1254.080230570631	2315.316882742787	908.0653079001204	1042.219175492006	898.1560283544532	898.1538336064114	1256.573462374101	1256.573462374101	1112.5081204885064
2.17	1877.414516720397	540.3443442950811	2460.9361049938743	1123.8659325685585	708.7801490912389	1292.3017373647162	2220.510426816778	883.4402543914621	1051.8760591876198	708.7801490912389	1292.3017373647162	2220.510426816778	883.4402543914621	1051.8760591876198	917.160336546367	917.160336546367	1274.476007922698	1274.476007922698	1139.7602852814452
2.19	1869.6912045019562	664.9774024700891	2336.59494810873	1131.881146076863	800.2264484611514	1267.1301920679252	2129.6457352535654	924.9319332216983	1060.1809792127606	800.2264484611514	1267.1301920679252	2129.6435405055236	924.9297384736565	1060.1787844647188	915.1850649062981	915.1828701582563	1269.6102553831588	1269.6102553831588	1124.6143410766963
2.2	1861.370921265494	719.0142510974838	2278.3024863732135	1135.9458162052033	854.6737146478554	1271.6052797555749	2073.0915125942556	930.7348424262455	1066.394305976617	854.6737146478554	1271.6052797555749	2073.0915125942556	930.7348424262455	1066.394305976617	921.0494270061026	921.0494270061026	1274.0809535996814	1274.0809535996814	1128.736074629167
2.22	1835.0032392344583	810.1554807142529	2169.0128996268613	1144.165141106656	946.712595489822	1280.722255882225	1967.429841465404	942.5820829451986	1079.1391977207677	946.712595489822	1280.722255882225	1967.429841465404	942.5820829451986	1079.1391977207677	933.0283523076941	933.0283523076941	1283.193540230248	1283.193540230248	1137.0826948171743
2.23	1816.9360876576247	847.4047148996615	2117.842389645535	1148.311016887572	984.4512581141171	1285.3575601020275	1918.1468133023009	948.6154405443376	1085.6619837587932	984.4512581141171	1285.3575601020275	1918.1468133023009	948.6154405443376	1085.6619837587932	939.1319417693012	939.1319417693012	1287.8244549290248	1287.8244549290248	1141.2944129395328
2.25	1772.1149787438626	906.7221231719159	2022.0307399151789	1156.6378843432321	1044.839702557103	1294.7554637284193	1826.248396235169	960.8555406632222	1098.9731200484093	1044.839702557103	1294.7554637284193	1826.246201487127	960.8533459151804	1098.9709253003675	951.527868874342	951.5256741263001	1297.2157743362332	1297.2157743362332	1149.7705231621658
2.26	1746.1840511987393	929.7647645406396	1977.2271889607946	1160.8079023026949	1068.468341228625	1299.5114789906802	1783.4662066047604	967.0469199466606	1105.750496634646	1068.468341228625	1299.5114789906802	1783.4662066047604	967.0469199466606	1105.750496634646	957.8026485334412	957.8026485334412	1301.9674001024105	1301.9674001024105	1154.0195520012057
2.28	1689.7834607775148	965.4579236374557	1893.4471384351054	1169.1216012950463	1105.4432321334607	1309.1069097910513	1703.867147778743	979.5416106386838	1119.5269191346888	1105.4432321334607	1309.1069097910513	1703.867147778743	979.5416106386838	1119.5269191346888	970.4816979112074	970.4816979112074	1311.554051910629	1311.554051910629	1162.5088306871476
2.3	1630.3826521795127	990.789685416501	1816.9448666747485	1177.3518999117368	1132.216942252664	1318.7791567478998	1631.7477843881352	992.1548176251235	1133.5820744612865	1132.216942252664	1318.7791567478998	1631.7455896400934	992.1526228770817	1133.5798797132447	983.2990163157519	983.2968215677101	1321.219714623352	1321.219714623352	1170.9366564778175
2.31	1600.479233823935	1000.6309278228146	1781.2714602853375	1181.4231542842172	1142.8658512893599	1323.6580777507625	1598.3525246688514	998.504218667731	1140.7391421342763	1142.8658512893599	1323.6580777507625	1598.3525246688514	998.504218667731	1140.7391421342763	989.7801021410269	989.7801021410269	1326.0701039515843	1326.0701039515843	1175.1110639583349
2.33	1541.4076371825795	1016.1587579122424	1714.6521311191318	1189.4032518487948	1160.1253362108546	1333.369830147407	1537.3012668664014	1012.0523875960644	1156.0189658946765	1160.1253362108546	1333.369830147407	1537.3012668664014	1012.0523875960644	1156.0189658946765	1003.5762773734314	1003.5762773734314	1335.7752721041034	1335.7752721041034	1183.3325835828582
2.35	1484.3859335398156	1027.5341279766435	1653.978369655364	1197.126564092192	1173.4496409887215	1343.04207710427	1512.5598918113537	1055.7080862481816	1201.6235992602597	1173.4496409887215	1343.04207710427	1512.5598918113537	1055.7080862481816	1201.6235992602597	1047.510708827147	1047.510708827147	1345.4431295399263	1345.4431295399263	1191.3302391068137
2.36	1456.8791781737236	1032.028968396684	1625.721011033107	1200.8708012560674	1179.0308808157715	1347.872713675155	1513.2490421473194	1088.3988323702797	1235.4007447893673	1179.0308808157715	1347.872713675155	1513.2490421473194	1088.3988323702797	1235.4007447893673	1080.3814241389045	1080.3814241389045	1350.25620817639	1350.25620817639	1195.2368875259272
2.38	1404.1218666063069	1039.0587408080319	1573.108552736594	1208.045426938319	1187.9130191016447	1356.8997052319319	1513.1766155118676	1148.1134897135926	1296.9677680072054	1187.9130191016447	1356.8997052319319	1513.1766155118676	1148.1134897135926	1296.9677680072054	1140.5174727567792	1140.5174727567792	1359.2305257801781	1359.2305257801781	1202.7802305297519
2.4	1354.5227949748223	1044.0693465935328	1525.260888644596	1214.8074402633065	1148.3044326434465	1319.0425263132202	1509.6694109368254	1199.215962555536	1303.4510486054496	1148.3066273665463	1319.04472103632	1509.6694109368254	1199.215962555536	1303.4532433285494	1191.995247239276	1191.995247239276	1321.3689573903393	1321.3711521134392	1209.9131560241658
2.42	1308.114884474926	1047.3658555562433	1481.7961329223326	1221.04710400365	1108.5663561256806	1282.2476045730873	1502.3916322213918	1241.6426033027092	1302.8431038721465	1108.5685508737224	1282.249799321129	1502.3916322213918	1241.6426033027092	1302.8452986201883	1234.8476687570947	1234.8476687570947	1284.5696461790794	1284.5718409271212	1216.5742110640276
2.44	1264.8608243899653	1049.2006634713907	1442.3587366616412	1226.6985757430666	1071.328095655539	1248.826007927215	1491.665907028233	1276.0057461096585	1298.1331782938068	1071.328095655539	1248.826007927215	1491.665907028233	1276.0057461096585	1298.1331782938068	1269.7002399779885	1269.7002399779885	1256.5646833819337	1256.5646833819337	1228.1317450661154
2.46	1224.6069825067243	1049.7317920731439	1406.551450766492	1231.6762603329116	1036.5347825818608	1218.4792508416285	1478.1616330357501	1303.2864426021697	1290.0894331108866	1036.5369773299026	1218.4814455896703	1478.1616330357501	1303.2864426021697	1290.0916278589284	1297.5098703491676	1297.5098703491676	1243.0933305851358	1243.0955253331776	1250.5137678234169
2.48	1187.1711948626034	1049.0821471520321	1374.014336882523	1235.9252891719516	1004.0766795275704	1190.9198215474898	1462.745735046512	1324.6566873359407	1279.651219711479	1004.0788742756122	1190.9220162955316	1462.745735046512	1324.6566873359407	1279.6534144595207	1319.4112436847063	1319.4112436847063	1227.956165347583	1227.9583600956248	1267.7161893208104
2.5	1152.4898138392018	1047.3482975968655	1344.5454783147143	1239.403962072378	973.9515918194666	1166.007256294979	1446.2324638850841	1341.0909476427478	1267.6942418653489	973.9515918194666	1166.007256294979	1446.2324638850841	1341.0909476427478	1267.6942418653489	1336.4710066841799	1336.4710066841799	1212.044254675333	1212.044254675333	1280.821019494164
2.52	1120.3389752860967	1044.6070594643534	1317.8068841392087	1242.0749683174654	945.9795502179913	1143.4474590711034	1429.308775164347	1353.5768593426037	1254.9493500962417	945.9817449660331	1143.4496538191452	1429.308775164347	1353.5768593426037	1254.9515448442835	1349.6197317684564	1349.6197317684564	1196.0028539684718	1196.0050487165136	1290.6732356406865
2.54	1090.556267997934	1040.939638382115	1293.5505480269785	1243.9339184111595	920.0310647134902	1123.0253447425348	1412.4948237708159	1362.878194154997	1241.9696204863722	920.0332594615174	1123.027539490562	1412.4948237708159	1362.878194154997	1241.9718152343994	1344.8132373511617	1344.8132373511617	1180.2687177378393	1180.2709124858666	1283.1123346026288
2.56	1062.9902544596844	1036.4382137179637	1271.5526058524993	1245.0005651107786	895.9744505232811	1104.536801916096	1396.1615217990475	1369.6094810573268	1229.1457178626442	895.9766452713229	1104.5389966641378	1396.1593270510057	1369.607286309285	1229.1457178626442	1331.9147133439546	1331.9125185959128	1165.1183840369922	1165.120578785034	1267.8873795183026
2.59	1028.3439893800096	1025.381081870015	1245.2310134804284	1242.2681059704337	863.1300721630832	1080.017096263502	1375.8996239527041	1372.9367164427094	1210.6857067357778	863.132266911125	1080.0192910115438	1375.8996239527041	1372.9367164427094	1210.6879014838196	1313.2791225235123	1313.2791225235123	1143.7920342640427	1143.7942290120845	1246.3854500517773
2.61	1022.2316209262353	1002.606199512782	1244.5901475764113	1224.964726162958	843.2105547117244	1065.5690813619003	1378.1185124506737	1358.4930910372204	1199.0974462361628	843.2127494597662	1065.5712761099421	1378.1185124506737	1358.4930910372204	1199.0996409842046	1301.5613720142428	1301.5613720142428	1130.5994142189302	1130.601608966972	1233.0633399970102
2.63	1015.6890822306887	981.503713840415	1243.4247372898099	1209.2393688995362	824.7329856504512	1052.4686407095724	1379.1083430436847	1344.922974653411	1188.1522464634472	824.7329856504512	1052.4686407095724	1379.1083430436847	1344.922974653411	1188.1522464634472	1290.4822926858615	1290.4822926858615	1118.2429925786273	1118.2429925786273	1220.5730388010415
2.66	1005.3606061085884	952.6954739089852	1240.9293107382982	1188.264178538695	799.4604819936503	1035.0291866233601	1378.8669209338404	1326.2017887342372	1172.9667968189024	799.4626767416921	1035.031381371402	1378.8669209338404	1326.2017887342372	1172.9689915669442	1275.1059001114627	1275.1059001114627	1101.2183455228515	1101.2205402708933	1203.3574488154118
2.68	998.2825492902339	935.2626040419418	1238.9035598932824	1175.8836146449903	784.1411527934542	1024.7621633965027	1377.7849110228854	1314.7649657745933	1163.6435145261057	784.143347541496	1024.7643581445445	1377.7849110228854	1314.7649657745933	1163.6457092741475	1265.6662962972478	1265.6662962972478	1090.8174427902559	1090.8196375382977	1192.840224561398
2.71	987.651198237887	911.3596220898617	1235.55657180048	1159.2649956524547	763.0671988456306	1010.9725724082236	1375.3597163587838	1299.0681402107584	1150.7757169665274	763.0693935936724	1010.9747671562654	1375.3597163587838	1299.0681402107584	1150.7779117145692	1252.644866474584	1252.644866474584	1076.5164759076142	1076.518670655656	1178.3856254156708
2.73	980.6477627780841	896.819427870345	1233.2147774870682	1149.386442579329	750.2059855301486	1002.7730002391327	1373.3251865216153	1289.496851613876	1142.8834092736797	750.2081802781904	1002.7751949871745	1373.3251865216153	1289.496851613876	1142.8856040217215	1244.6669636830047	1244.6669636830047	1067.770411900492	1067.7726066485338	1169.553966309817
2.76	970.4004923085449	876.8757682155119	1229.6614832530613	1136.1367591600283	732.4987723575905	991.7597633021069	1369.8574873863545	1276.3327632933215	1131.9557674354	732.5009671056323	991.7619580501487	1369.8574873863545	1276.3327632933215	1131.9579621834419	1233.6405582577281	1233.6405582577281	1055.6905282638618	1055.6927230119036	1157.3753190861898
2.79	960.5548604061478	858.9315224790771	1226.1630576452153	1124.5397197181446	716.4793191311328	982.0875163702003	1366.0627710424742	1264.4394331154035	1121.9872297674592	716.4815138542181	982.0897110932856	1366.0627710424742	1264.4394331154035	1121.9894244905445	1223.603983450419	1223.603983450419	1044.710212547434	1044.7124072705192	1146.3269662303937
2.82	951.1767094622337	842.7408790301706	1222.7875378029275	1114.3517073708645	701.934735415547	973.5455637562409	1362.0683327516308	1253.6325023195677	1112.8263587049441	701.9369301635888	973.5477585042827	1362.0683327516308	1253.6325023195677	1112.828553452986	1214.4123859402753	1214.4123859402753	1034.6582744789048	1034.6604692269466	1136.244301714236
2.85	942.2835974611226	828.0909474585205	1219.572234492778	1105.379584490176	688.6740782560228	965.9627152876783	1357.9378202319494	1243.7451702293474	1104.3283010268497	688.6762730040646	965.9649100357201	1357.9378202319494	1243.7451702293474	1104.3304957748915	1205.9209125063062	1205.9209125063062	1025.381081870015	1025.3832766180567	1126.9736933494714
2.88	933.8689401337178	814.7907848841569	1216.525926607108	1097.447771357547	676.5327417241351	959.1897281975253	1353.693180864022	1234.615025614461	1096.3569824544393	676.5349364721769	959.1919229455671	1353.6909861159802	1234.6128308664192	1096.3569824544393	1197.9890993736772	1197.9869046256354	1016.7359761979314	1016.7381709459733	1118.3680931171693
2.91	925.9042058054329	802.6692010596744	1213.6464194727741	1090.4114147270157	665.3614830528968	953.1036967202381	1349.3322199746908	1226.0972152289323	1088.7894972221548	665.3636778009386	953.1058914682799	1349.3322199746908	1226.0972152289323	1088.7916919701966	1190.4962354999443	1190.4962354999443	1008.5978569240979	1008.6000516721397	1110.3045952018874
2.94	918.363057524708	791.5835375121533	1210.9183498285274	1084.1388298159727	655.0373964518367	947.5926887556561	1344.8329900585813	1218.0534700460266	1081.50732898571	655.0395911998785	947.5948835036979	1344.8329900585813	1218.0534700460266	1081.5095237337518	1183.3216098426492	1183.3216098426492	1000.8482077291701	1000.8504024772119	1102.6624885861092
2.97	911.2016003556491	781.3999146858987	1208.328549186088	1078.5268635163375	645.4463551475346	942.5733039779734	1340.1581804488815	1210.356494779131	1074.402935240767	645.4485498955764	942.5754987260152	1340.1559857008542	1210.3543000311038	1074.4029352407815	1176.3532903515006	1176.3510956034734	993.3729018397571	993.3750965877989	1095.3232569504908
3.01	902.1768035718851	769.0369087765284	1205.0430139885284	1071.9031191931717	633.6298410512682	936.4960514679115	1333.5673573213862	1200.4274625260296	1065.0203948007693	633.6298410512682	936.4960514679115	1333.5673573213862	1200.4274625260296	1065.0203948007693	1167.2033930291946	1167.2033930291946	983.6567599719856	983.6567599719856	1085.8397582004109
3.04	895.7505863977567	760.5432405945176	1202.6792722196697	1067.4719264164305	625.3863739463268	932.3150597682397	1328.2867977264395	1193.0794519232004	1057.9225852750096	625.3885686943686	932.3172545162815	1328.2867977264395	1193.0794519232004	1057.9247800230514	1160.3140843926667	1160.3140843926667	976.4338498827419	976.4360446307837	1078.825349000399
3.08	887.5707669361	750.1050271951099	1199.6197958707198	1062.1540561297297	615.0886242967972	927.1376532314171	1320.6776122813899	1183.2118725403998	1048.1954696420871	615.090819044839	927.1398479794589	1320.6776122813899	1183.2118725403998	1048.197664390129	1150.9074017491803	1150.9074017491803	966.7220974860975	966.7242922341393	1069.4340295931906
3.12	879.7552753747877	740.5117911178386	1196.6217724419548	1057.3782881850057	605.4427143164357	922.3092113836028	1312.269539223067	1173.026054966118	1037.956978164715	605.4427143164357	922.3092113836028	1312.269539223067	1173.026054966118	1037.956978164715	1141.035432895238	1141.035432895238	956.7184438744589	956.7184438744589	1059.7968986049818
3.16	872.233879801468	731.6252633608383	1193.6347227035149	1053.0261062628852	596.3257381897711	917.7265810918179	1302.8869987830694	1162.2783823424397	1026.9788571713725	596.3257381897711	917.7265810918179	1302.8869987830694	1162.2783823424397	1026.9788571713725	1130.469924209261	1130.469924209261	946.216582831752	946.216582831752	1049.7076498696406
3.2	864.9385431017436	723.3137591165432	1190.608167575192	1048.9833835899917	587.634542858752	913.3041673322004	1292.3829429923499	1150.7581590071495	1015.0789427493582	587.6323481106956	913.3019725841441	1292.3851377403917	1150.7603537551913	1015.0789427493437	1119.0265170055063	1119.0287117535481	935.0387399413739	935.0365451933176	1038.986314197522
3.24	857.8187861205079	715.476320074813	1187.5026015672775	1045.1601355215826	579.2813384266046	908.9651538733742	1280.520339262046	1138.1778732163511	1001.9828915681428	579.2791436785628	908.9629591253324	1280.5225340101024	1138.1800679644075	1001.9828915681574	1106.43086797843	1106.4330627264862	922.9303245802002	922.9281298321584	1027.3783009904873
3.28	850.8372981161519	708.0207668928197	1184.2741297439206	1041.4575985205884	571.1915035597631	904.6283351875318	1267.1916449631535	1124.3751137398212	987.5458504067647	571.1893088117213	904.62614043949	1267.1916449631535	1124.3751137398212	987.5436556587229	1092.5359291590285	1092.5359291590285	909.7245360967354	909.7223413486936	1014.7146148489992
3.33	842.2075556803611	699.1408233799593	1179.9987639533356	1036.9320316529338	561.3722086338676	899.163416906842	1248.2400106743298	1105.173278373928	967.4046636278363	561.3700138858258	899.1612221588002	1248.2400106743298	1105.173278373928	967.4024688797945	1073.1277876269742	1073.1277876269742	901.7466333051561	901.7444385571143	1007.469757304294
3.37	835.3555577355874	692.3107728656905	1176.3313428960391	1033.2865580261423	553.6884018302808	894.6641869907326	1231.2285321068048	1088.183747236908	949.5613762014982	553.686207082239	894.6619922426908	1231.2285321068048	1088.183747236908	949.5591814534564	1055.9187818854698	1055.9187818854698	897.2583771292557	897.2561823812139	1003.6157828132273
3.42	826.8026313814189	684.0299950690096	1171.3690215175302	1028.596385205121	544.2356295028585	888.8020196389698	1207.8303417799907	1065.0577054675814	925.2633399014303	544.2334347548167	888.799824890928	1207.8303417799907	1065.0577054675814	925.2611451533885	1032.4635281594965	1032.4635281594965	891.4027939966618	891.40059924862	998.602982254728
3.47	818.2299523447873	675.9686919267115	1165.9041032118985	1023.6428427938226	534.9035682428512	882.5777191099623	1182.713665109346	1040.4524046912702	899.3872810074099	534.9035682428512	882.5777191099623	1182.713665109346	1040.4524046912702	899.3872810074099	1007.4895100117137	1007.4895100117137	885.1806882156816	885.1806882156816	993.2829172199854
3.53	807.8729445480567	666.5005563879677	1158.5517031129857	1017.1793149528967	523.8135151742899	874.492273739219	1152.4788400990074	1011.1064519389183	868.4194107252406	523.8135151742899	874.492273739219	1152.4788400990074	1011.1064519389183	868.4194107252406	977.6826605450042	977.6826605450042	877.0864638527855	877.0864638527855	986.3497136725491
3.58	799.1663859807159	658.7399334777729	1151.655810232347	1011.229357729404	514.6416703965224	867.1310946481535	1130.296539238785	989.870086735842	845.7718236545916	514.6416703965224	867.1310946481535	1130.2943444907432	989.8678919878002	845.7696289065498	956.0622147341637	956.0600199861219	869.7121162984113	869.7121162984113	980.0025073779834
3.64	788.6096562869061	649.539556975491	1142.3127752570726	1003.2426759456575	503.7228075504099	857.4259265205765	1110.3770218373247	971.3069225259096	825.4901731008285	503.7228075504099	857.4259265205765	1110.3770218373247	971.3069225259096	825.4901731008285	937.082048720782	937.082048720782	859.9784164712619	859.9784164712619	971.5702920912154
3.7	777.9322155256814	640.4401388082042	1131.6594766993658	994.1673999818886	492.9114872834325	846.6387484571169	1096.234076663939	958.7419999464619	811.2133484216902	492.9136820314743	846.6409432051587	1096.234076663939	958.7419999464619	811.215543169732	924.1747457214078	924.1747457214078	849.1451487238955	849.1473434719373	962.1065460236132
3.77	765.3519297598541	629.9536410018045	1117.3892362643528	981.9909475063032	480.51336543034995	832.5506719348487	1082.6727392972534	947.2744505392038	797.8341749677493	480.51336543034995	832.5506719348487	1082.6727392972534	947.2744505392038	797.8341749677493	912.4657742292475	912.4657742292475	834.989035087201	834.989035087201	949.6206343486992
3.83	754.4835460438335	621.0956449194491	1103.4591814762825	970.0712803518982	470.16074712970294	819.136382562152	1071.3500431110006	937.9621419866162	787.02724419687	470.16074712970294	819.136382562152	1071.3500431110006	937.9621419866162	787.02724419687	903.1337129442836	903.1337129442836	821.4847611196747	821.4847611196747	937.5912298670883
3.9	741.780354462564	610.9427485408232	1085.1659710757958	954.3283651540551	458.5373707113322	801.922987324564	1057.319030012848	926.4814240911073	774.0760462616163	458.5373707113322	801.922987324564	1057.319030012848	926.4814240911073	774.0760462616163	891.9251436062623	891.9251436062623	804.1660180509789	804.1660180509789	922.0151153956249
3.98	727.3147816265555	599.66175256735	1061.6602382197161	934.0072091605107	446.1216909238283	780.4671475169889	1039.3813685205532	911.7283394613478	758.188277817826	446.1216909238283	780.4671475169889	1039.3813685205532	911.7283394613478	758.188277817826	877.9950888431486	877.9950888431486	782.5697144685837	782.5697144685837	902.3765254939062
4.06	713.0203989630681	588.8219005758292	1035.6261575914978	911.4276592042588	434.9833534233039	757.5891120517335	1018.9724226802064	894.7739242929674	740.9353771404421	434.9833534233039	757.5891120517335	1018.9724226802064	894.7739242929674	740.9353771404421	862.5616328446195	862.5616328446195	759.5402415132558	759.5402415132558	881.1664972174331
4.14	699.0420597680059	578.5460984067176	1007.6124158021994	887.1164544409112	425.5613075684669	734.1316636026604	996.0461028079444	875.5501414466562	722.5653506084054	425.5613075684669	734.1316636026604	996.0461028079444	875.5501414466562	722.5653506084054	845.727928743654	845.727928743654	735.9313555740955	735.9313555740955	859.0939337093441
4.23	683.8522206273774	567.7830625717033	974.577094512133	858.507936456459	417.58559952491487	708.3104734096705	967.5780485484138	851.5088904927397	701.3114274459513	417.58559952491487	708.3104734096705	967.5780485484138	851.5088904927397	701.3114274459513	825.6218578834814	825.6218578834814	709.9477541508386	709.9477541508386	834.2581845883687
4.32	669.417374214041	558.0296100121923	940.9031020161929	829.5153378143441	412.9898007698648	684.4755285720166	937.0074273373029	825.6196631354542	680.5798538931267	412.9898007698648	684.4755285720166	937.0074273373029	825.6196631354542	680.5798538931267	805.1712118553405	805.1712118553405	685.967956067223	685.967956067223	810.5593140294368
4.42	654.4404254836845	548.5022163262329	903.8799267043651	797.9417175469134	412.318208393277	661.7577096139576	901.7224911016528	795.7842819442012	659.6002740112453	412.318208393277	661.7577096139576	901.7224911016528	795.7842819442012	659.6002740112453	783.2566700565076	783.2566700565076	663.1074785862875	663.1074785862875	786.7638746315497
4.53	639.4371397518844	539.7232311234402	864.7958845788671	765.0819759504229	416.9030334081326	642.2617782351153	862.7898864662275	763.0759778377833	640.2557801224757	416.9030334081326	642.2617782351153	862.7898864662275	763.0759778377833	640.2557801224757	761.4452813407552	761.4452813407552	643.484251920876	643.484251920876	764.6737531391555
4.64	626.0996665107232	532.7768590877531	828.3345643164066	735.0117568934365	426.06170974754787	628.2966075532313	825.1126767371752	731.7898693142051	625.0747199739999	426.06170974754787	628.2966075532313	825.1126767371752	731.7898693142051	625.0747199739999	742.895285594117	742.895285594117	629.4137334078841	629.4137334078841	747.2342990280013
4.76	613.523770191081	527.2658511231566	792.1607557728712	705.9028367049468	439.35089858171705	617.9878841635073	786.6168266375607	700.3589075696364	612.4439550281968	439.35089858171705	617.9878841635073	786.6168266375607	700.3589075696364	612.4439550281968	726.6168522984226	726.6168522984226	619.0216096674412	619.0216096674412	733.194506937667
4.89	602.0803629873262	523.4886927386688	757.4727905303153	678.8811202816578	455.2233038141858	610.6157313571748	748.7837899223523	670.1921196736948	601.9267307492119	455.2233038141858	610.6157313571748	748.7837899223523	670.1921196736948	601.9267307492119	713.2025629007694	713.2025629007694	611.5748354776151	611.5748354776151	722.8506676291727
5.03	592.1776676857844	521.7065587515681	725.2473305937165	654.7762216595002	471.9823865565995	605.0520494645316	712.985283019385	642.5141740851686	592.7900018902001	471.9845813046413	605.0542442125734	712.985283019385	642.5141740851686	592.7921966382419	702.7928812009632	702.7928812009632	605.9475059666438	605.9497007146856	715.9503852774069
5.19	583.3218663514563	521.9216438599833	694.3848081176984	632.9845856262255	488.91046477342024	599.9734065396624	678.3148757112504	616.9146532197774	583.9034741332143	488.91265952146205	599.9756012877042	678.3148757112504	616.9146532197774	583.9056688812561	677.0375333743577	677.0375333743577	600.809604869617	600.8117996176588	693.9436641107604
5.35	576.6476428732567	523.9451999569428	669.0354883543187	616.3330454380048	502.92611466023664	595.3139601412986	649.8314582403837	597.1290153240698	576.1099300273636	502.92611466023664	595.3139601412986	649.8314582403837	597.1290153240698	576.1099300273636	647.9308079339098	647.9308079339098	596.1018740642612	596.1018740642612	667.9227519708074
5.54	570.778891252412	527.860627368209	644.7857364861993	601.8674726019963	515.9914393688523	589.9982846026396	622.9743477455049	580.0560838613019	568.1868958619452	515.9914393688523	589.9982846026396	622.9743477455049	580.0560838613019	568.1868958619452	620.307730996501	620.307730996501	590.7313298495283	590.7313298495283	642.8521649840841
5.74	566.4640200469876	532.8668436825828	624.7981819453998	591.2010055809951	526.2299308711808	584.5640927695931	601.8499146426184	568.2527382782137	561.6158254668117	526.2299308711808	584.5640927695931	601.8499146426184	568.2527382782137	561.6158254668117	598.2768676512933	598.2768676512933	585.3256697409961	585.3256697409961	621.9867119254777
5.96	563.0885002296418	538.665363391061	607.7296399537445	583.3065031151637	534.6972621016466	579.3384018257493	585.0381579721725	560.6150211335917	556.6469198441773	534.6972621016466	579.3384018257493	585.0381579721725	560.6150211335917	556.6469198441773	580.6552496024378	580.6552496024378	580.07144709758	580.07144709758	604.0797768558405
6.21	560.4131044884707	544.8874691720266	593.0665399188147	577.5409046023706	541.8433560344129	574.4967914647568	572.117686484562	556.5920511681179	553.5479380305042	541.8433560344129	574.4967914647568	572.117686484562	556.5920511681179	553.5479380305042	566.9622274281428	566.9622274281428	575.196915540917	575.196915540917	588.6112049385556
6.5	558.3500429517153	551.1161591472192	580.6640285945905	573.4301447900943	547.973282447565	570.2872680904402	562.7263670773391	555.492483272843	552.3496065731888	547.973282447565	570.2872680904402	562.7285618253809	555.4946780208847	552.3518013212306	556.8751734408434	556.8773681888852	570.9566656940297	570.9566656940297	575.4822325616842
6.82	556.9102893845557	556.5547404763638	571.0554292810411	570.6998803728493	552.8653719386639	567.0105118351494	556.6666725516116	556.3111236434197	552.6217551057198	552.8653719386639	567.0105118351494	556.6666725516116	556.3111236434197	552.6217551057198	550.2667923290137	550.2667923290137	567.6513777641085	567.6513777641085	565.2964149874024
7.19	561.1132285396889	555.948990491117	568.7685036437033	563.6042655951314	556.7961625612661	564.4514376652805	557.9769360841601	552.8126980355883	553.6598701057374	556.7939678132243	564.4492429172387	557.9769360841601	552.8126980355883	553.6576753576956	545.987037042345	545.987037042345	565.0593823985691	565.0571876505273	557.3865493351768
7.62	564.5809276999062	555.3871354666771	567.3616712472431	558.167879014014	557.5423763213475	560.3231198686844	560.0246343846229	550.8308421513939	552.9860830060643	557.5423763213475	560.3231198686844	560.0246343846229	550.8308421513939	552.9860830060643	547.9206085444748	547.9206085444748	560.257277477358	560.257277477358	555.1918030157685
8.14	566.2884403284697	554.4214470771549	566.9973433967971	555.1303501454822	557.3097332036559	558.0186362719833	561.7518997455627	549.8849064942478	552.7731926207489	557.3097332036559	558.0186362719833	561.754094468648	549.8871012173331	552.7753873438342	549.8980749575421	549.9002696806274	556.7676308866357	556.7676308866357	553.892513223429
8.76	560.7730428927462	552.4659281445056	568.2724909856479	559.9653762374073	553.1660522206803	560.665500313582	560.3626253334369	552.0555105851963	552.755634661371	553.1660522206803	560.665500313582	560.3626253334369	552.0555105851963	552.755634661371	551.19955952288	551.19955952288	554.6145847550652	554.6145847550652	553.0585096165742
9.55	558.6924233716563	551.346607516869	568.9243306298595	561.5785147750721	551.3685549723305	561.6004622305336	560.1058399872854	552.7600241324981	552.7819715879596	551.3685549723305	561.6004622305336	560.1058399872854	552.7600241324981	552.7819715879596	551.906267818209	551.906267818209	553.4250322649605	553.4250322649605	552.5493284952099
10.56	557.8233038460312	550.8857107775548	569.1591684955929	562.2215754271165	550.6311202293582	561.9669848789199	559.9917131889524	553.054120120476	552.7995295722794	550.6311202293582	561.9669848789199	559.9917131889524	553.054120120476	552.7995295722794	552.1828058468236	552.1828058468236	552.918045866696	552.918045866696	552.3013221412402
11.96	557.5665185248508	550.754026019873	569.2096476506267	562.3971551456489	550.4204245671426	562.0635536929185	559.9522077491711	553.1397152441932	552.8061137914628	550.4204245671426	562.0635536929185	559.9522077491711	553.1397152441932	552.8061137914628	552.2552324822755	552.2552324822755	552.7622188805399	552.7622188805399	552.2113375713525
14.03	557.5314026060951	550.7408575565642	569.2118423986831	562.4212973491522	550.3940876405395	562.0745274331275	559.9434287819604	553.1528837324295	552.8061138164048	550.3940876405395	562.0745274331275	559.9456235300022	553.1550784804713	552.8083085644466	552.2618167264009	552.2640114744427	552.7358819289948	552.7358819289948	552.1915848389908
17.58	557.5335973541369	550.743052279664	569.2052581794997	562.4147131050267	550.3984771116811	562.0701379370439	559.9434287819604	553.1528837074875	552.8083085395047	550.3962823636393	562.0679431890021	559.9434287819604	553.1528837074875	552.8061137914628	552.2618167264009	552.2618167264009	552.7380766520946	552.7358819040528	552.1915848389908
25.83	557.5357920772221	550.7452470276912	569.2052581545577	562.4147131050267	550.3984771116666	562.0679431890021	559.9456235300022	553.1550784804713	552.8083085644466	550.4006718597084	562.0701379370439	559.9456235300022	553.1550784804713	552.8105033124884	552.2618167264009	552.2618167264009	552.7358819289948	552.7380766770366	552.189390090949
