9A1_5A1	9A1_6A1	7B1_9A1	7B2_9A1
Intensities	2.1002880752100002e-05	4.0000000000000004e-16	1.4632047368999999e-06	1.4632047368999999e-06
2e-08	207675757245210.16	770254633081908.2	656797408493238.2	656797408493238.2
2.0099999999999998e-08	208064789358641.72	746363679385167.5	630255579262647.0	630255579262647.0
2.0200000000000002e-08	208484001437438.6	723384739333572.5	605044562321745.0	605044562321745.0
2.03e-08	208936700842547.62	701292180606608.5	581193297333159.0	581193297333159.0
2.04e-08	209427435294173.66	680062024620758.4	558738579078342.0	558738579078342.0
2.0499999999999998e-08	209959512153269.06	659670292773659.4	537723817060646.4	537723817060646.4
2.0600000000000002e-08	210539546217087.1	640096727276991.6	518193661105005.1	518194074539253.06
2.07e-08	211172498545886.62	621321070361261.6	500186146220261.0	500186146220261.0
2.08e-08	211866224258496.3	603325958202522.8	483721116779325.8	483721116779325.8
2.09e-08	212624857527853.0	586095267260737.9	468783276072983.9	468783689488391.94
2.1000000000000003e-08	213467829330297.5	569615767960237.5	455324666896507.1	455324666896507.1
2.11e-08	214401754425406.06	553876711293165.7	443252682257925.06	443252682257925.06
2.12e-08	215442756390895.66	538871482443434.56	432447429164272.2	432447429164272.2
2.13e-08	216608199031875.62	524595947200433.2	422743537966834.06	422743951382244.8
2.1400000000000003e-08	217917926683586.22	511055066624431.25	414006645794248.5	414006645794248.5
2.15e-08	229438403524406.38	499200543106397.9	407262871374698.0	407263698224353.94
2.16e-08	221091370314905.6	486185124592238.06	398843488942709.3	398843902376954.5
2.17e-08	223020407304343.72	474894098144897.75	392035220344151.06	392035633759561.9
2.1800000000000003e-08	225229332440944.06	464391471516865.94	386103824327434.56	386104651177090.56
2.19e-08	227761141812653.53	454702877009811.7	380510195839640.25	380511022689296.2
2.2000000000000002e-08	230657177845778.62	445851879773023.7	375420117926056.3	375420944775712.25
2.21e-08	233949274204993.88	437855430233863.8	370843512801391.56	370843926235636.75
2.2200000000000004e-08	237653141014933.84	430712288089599.25	366789475774195.75	366790302623851.7
2.23e-08	241760509741361.8	424400128456013.7	363255526295495.4	363256353145151.4
2.2400000000000002e-08	246235412546666.44	418867686748605.94	360217685800607.6	360218512631426.44
2.25e-08	251013768648410.9	414036412344203.0	357627170178645.1	357627997028303.8
2.2599999999999997e-08	256015373799464.3	409812871420012.7	355419898760196.56	355420725609852.56
2.27e-08	261151341765371.16	406095361618995.25	353521041698446.75	353521868548102.75
2.29e-08	271496867241256.34	399798085260391.06	350367029024633.8	350368269289700.56
2.2999999999999998e-08	276569994746304.53	397057910133182.94	348994047477813.9	348994874327469.9
2.3100000000000002e-08	281513720496763.6	394514938281697.9	347704991029839.4	347705817879495.3
2.32e-08	286284221536190.8	392108396416294.94	346453556175294.0	346453556175294.0
2.33e-08	290862066944759.4	389810998517164.06	345224032808391.4	345224032808391.4
2.3500000000000002e-08	299387285963225.2	385451854475376.56	342780696199212.44	342780696199212.44
2.36e-08	303322256847114.4	383358688102290.6	341553239947029.8	341553239947029.8
2.37e-08	307039766648129.06	381311411819204.56	340321236049990.9	340321236049990.9
2.3799999999999998e-08	310529479736144.2	379303410791190.9	338572451965408.8	338572451965408.8
2.4e-08	316907787229212.3	375394072227808.0	336547087169957.25	336547087169957.25
2.41e-08	319796795049678.8	373489427256143.4	335288210668510.9	335288210668510.9
2.4300000000000003e-08	325019582116478.5	369792175243453.94	332782447013881.4	332782860448126.56
2.44e-08	327360802953215.0	367990059440799.9	331533079292895.94	331533079292895.94
2.46e-08	331545068603495.8	364491251025403.4	329062870116981.06	329062870116981.06
2.4700000000000003e-08	333383152281432.75	362768099261330.4	327818463475099.8	327818876890507.8
2.49e-08	336660365365669.3	359486751928808.44	325434659946992.75	325434659946992.75
2.5e-08	338092053143902.44	357901270378215.5	324268803890604.75	324269217306012.75
2.52e-08	340573011346516.0	354842345245349.2	321996624858897.8	321997038293143.0
2.5400000000000002e-08	342579772090623.06	351929358803685.6	319806303811305.3	319806717226716.1
2.55e-08	343421090193755.6	350531571823689.7	318744217226674.4	318744630660919.56
2.57e-08	344803167049119.7	347831912235463.3	316682057649775.3	316682057649775.3
2.59e-08	345268269199073.8	345824324660531.94	314703823190550.56	314704236605958.6
2.61e-08	346530039646067.25	342834854766937.7	312808273546267.25	312808273546267.25
2.63e-08	346962894734773.25	340524640726385.3	310992514771378.3	310992928186786.4
2.65e-08	347164232277607.8	338328118315792.94	309249105200142.94	309249518615551.0
2.67e-08	347171673905677.2	336239086172155.25	307575564321261.9	307575977736672.7
2.69e-08	347032349974045.3	334274081288597.1	305991736469980.94	305992149885391.7
2.71e-08	346747914163189.7	332377291360407.2	304441809398097.2	304442222813507.94
2.7400000000000004e-08	346126537691905.0	329689621082775.25	302218001005355.4	302218414420766.1
2.76e-08	345609757542030.7	327993341885440.9	300795408554506.3	300795821988751.5
2.7900000000000002e-08	344717588269802.25	325575224143688.7	298739863793692.2	298740690643350.94
2.81e-08	344061484169461.6	324039353497127.6	297416493132069.75	297416906566317.7
2.84e-08	343003945248521.4	321835802873873.9	295489936691605.06	295490350125850.25
2.8700000000000002e-08	341877777900288.0	319738088818262.9	293624567012684.3	293624980428092.4
2.89e-08	341096406293638.1	318391153007362.8	292409513486506.9	292409926901917.6
2.92e-08	339884660166087.4	316437310565908.75	290622280958831.44	290622694393079.4
2.96e-08	338209465587897.1	313939401973599.3	288294289697764.3	288294289697764.3
2.99e-08	336914207795751.6	312133151941505.25	286579406392579.56	286579406392579.56
3.02e-08	335590423718718.4	310374859114125.6	284884780875717.25	284885194291125.3
3.06e-08	333785413970525.5	308092757905378.7	282649396606623.44	282649396606623.44
3.09e-08	332405817626460.5	306421284122388.75	280987018151014.84	280987018151014.84
3.13e-08	330532592904059.6	304233443642604.0	278780160147974.38	278780160147974.38
3.17e-08	328625880798829.6	302086532117206.4	276582810887720.56	276582810887720.56
3.2200000000000004e-08	326197840880040.1	299447232459705.1	273841395476614.03	273840982061205.97
3.26e-08	324229942013266.1	297369776211253.75	271655208658469.75	271654795243061.7
3.31e-08	321744022712716.7	294807786874181.75	268927849691520.25	268927436257275.06
3.3599999999999996e-08	319232884544740.56	292284659395608.44	266211653129003.3	266211239713595.28
3.42e-08	316203312508746.44	289310899626648.75	262975369036825.28	262974955621417.22
3.48e-08	313170019658709.44	286397913184985.2	259773399139452.53	259773812554863.3
3.54e-08	310152436914478.1	283556449134996.1	256623520676247.9	256623520676247.9
3.61e-08	306674713137060.2	280346624194143.22	253039133481534.0	253039133481534.0
3.6800000000000005e-08	303270165394114.56	277269094953426.47	249583321154079.0	249583321154079.0
3.76e-08	299502631311331.5	273939790416187.34	245837285105850.8	245837285105850.8
3.85e-08	295461823840962.5	270469921682249.56	241950684842089.56	241950684842089.56
3.95e-08	291273837395484.1	266997985833591.78	238138500934378.84	238138500934378.84
4.05e-08	287438915150474.75	263960558735277.66	234976633179408.7	234976633179408.7
4.17e-08	283341468582249.7	260916930292798.03	232229016405299.56	232228602971051.66
4.3099999999999996e-08	279295700032779.22	258214790155598.25	230759707033629.06	230759707033629.06
4.46e-08	275803506414630.56	256270456494610.6	231455913276372.3	231455913276372.3
4.64e-08	272664790393530.0	255086409764620.06	234983247957822.1	234983247957822.1
4.85e-08	270209464473756.62	254962382523377.56	241000222753856.03	241000222753856.03
5.11e-08	268429260177579.66	256017027498776.25	248339741380693.56	248339741380693.56
5.4299999999999997e-08	267246040316079.47	258119702614651.56	255000004116809.5	255000004116809.5
5.8499999999999994e-08	266249688156685.9	260815641370008.88	259872207513273.78	259872207513273.78
6.440000000000001e-08	264828749423983.25	263175052899182.28	262596259119268.16	262596259119268.16
7.37e-08	264335121007978.5	262995626825150.53	263475198815835.38	263475198815835.38
9.28e-08	263809245511885.72	262382105416180.44	262416419610988.47	262416419610988.47
