R	12B1_4A1	12B1_5B1	12B1_6B1	12B2_4A1	12B2_5B2	12B2_6B2	5A2_12B1	5A2_12B2	6A2_12B1	6A2_12B2	12A2_5B1	12A2_6B1	12A2_5B2	12A2_6B2	12A2_5A2	12A2_6A2
Intensities	1.3588466585274005e-06	2.1120324418593888e-05	1.8622237953809204e-07	1.3588466585274005e-06	2.1120324418593888e-05	1.862443157962275e-07	1.3586689017780861e-06	1.3586689017780861e-06	6.242596743165094e-07	6.242596743165094e-07	1.956525879017546e-06	1.5611024435069855e-08	1.956525879017546e-06	1.5617376189427938e-08	6.459630182124728e-16	3.4760221338483016e-05
2.12	4886.84186430031	4798.542831176033	4295.579405824072	4886.835280056199	4798.542831151106	4295.575016327988	4886.374383341827	4886.367799097716	4313.128597237475	4313.1220129933645	4730.9073344403005	4227.943909088339	4730.913918659484	4227.946103836366	4818.738886606094	4245.493100501742
2.13	4824.440837500559	4741.069009786152	4254.897588397202	4824.434253256433	4741.069009786137	4254.893198901118	4823.938240598378	4823.9316563542525	4275.420661060809	4275.4140768166835	4673.767114503149	4187.595693114199	4673.77369874726	4187.597887862241	4756.636345315375	4208.118765777806
2.15	4711.492608664135	4635.473181073583	4184.777638875108	4711.477245427843	4635.468791577499	4184.766665134899	4707.69789232027	4707.682529083977	4212.635553653294	4212.620190417001	4568.8231254347775	4118.127583236303	4568.8340991749865	4118.131972732386	4641.047836681464	4145.985498014488
2.16	4654.301909571921	4586.916613913258	4153.5946834346105	4654.295325327796	4586.916613913258	4153.590293938512	4653.682991098423	4653.676406854298	4185.789416898639	4185.782832654513	4520.595770231099	4087.2738397524517	4520.602354475224	4087.276034500479	4587.362147416265	4119.46857321648
2.17	4605.010102416665	4545.37445595293	4125.185887322281	4605.00351817254	4545.372261204888	4125.181497826183	4607.376038933566	4607.36945468944	4162.255152342972	4162.248568098847	4479.406966405964	4059.2183977753157	4479.411355902048	4059.220592523343	4541.4085493866005	4096.287662796007
2.19	4507.7169989313115	4455.460089518019	4067.8130242923653	4507.708219964086	4455.455700046878	4067.806440073182	4506.955421959894	4506.946642992669	4114.958369560161	4114.949590592936	4390.067623508687	4002.4205582830327	4390.07201300477	4002.4227530310745	4441.562955950561	4049.565903550829
2.2	4463.62235104524	4415.732986765419	4040.510380344378	4463.613572053073	4415.728597269335	4040.5059908482945	4462.805905422705	4462.797126430538	4092.916532499701	4092.907753507534	4350.643395736246	3975.420789315205	4350.64778523233	3975.425178811289	4397.716314393532	4027.8269414705283
2.22	4382.015099333599	4341.649325400082	3986.879559730296	4382.00851511443	4341.6449359289545	3986.875170259169	4381.07794266862	4381.0713584494515	4049.4693347118737	4049.462750492705	4277.154510640918	3922.384744971132	4277.156705388959	3922.386939719174	4316.583127909456	3984.9745199527097
2.23	4344.324721141267	4307.141329322243	3960.536019902778	4344.318136897142	4307.139134574201	3960.5338251547364	4343.321722084947	4343.315137840822	4027.8510836740315	4027.844499429906	4242.93622107993	3896.330911660465	4242.940610576014	3896.3353011565487	4279.116613842634	3963.6459754317184
2.25	4274.749068684221	4242.938415803015	3909.0823876237846	4274.742484465052	4242.93622107993	3909.0801929006993	4273.596826860929	4273.59024264176	3984.785771770883	3984.779187551714	4179.2995521061675	3845.443523926937	4179.303941602251	3845.4479134230205	4209.957963164081	3921.1469080740353
2.26	4242.69918846614	4213.151319018769	3884.1259274603217	4242.692604222029	4213.146929522685	3884.1237327122944	4241.463546292129	4241.456962048018	3963.446253484726	3963.4396692406153	4149.791188098578	3820.7657965401304	4149.793382846605	3820.770186036214	4178.103415371937	3900.086122564535
2.28	4183.686849972	4157.986370796512	3836.1136574149714	4183.678070979833	4157.979786552387	3836.1092679188732	4182.271238608329	4182.262459616162	3921.537572900983	3921.5287939088157	4095.166147445285	3773.293434063744	4095.1683421933267	3773.297823559813	4119.451015257102	3858.7173495497555
2.3	4130.973433340434	4108.378520172861	3790.978699755884	4130.966849096309	4108.374130676777	3790.976505007842	4129.351515810617	4129.344931566491	3881.1454619909637	3881.1388777468383	4046.085035927317	3728.6852155103406	4046.087230675359	3728.6896050064242	4067.058031565073	3818.8519777454203
2.31	4106.8026923269645	4085.5334059282322	3769.575533826457	4106.793913334797	4085.5290164321486	3769.5711443303735	4105.068842746856	4105.060063754689	3861.6780623117083	3861.669283319541	4023.492317532742	3707.534445430967	4023.4967070288258	3707.5388349270506	4043.0277543513657	3799.6369739162183
2.33	4062.5061277458735	4043.4930405617924	3729.1548912168655	4062.510517241957	4043.4952353098342	3729.159280712949	4060.5220770886954	4060.526466584779	3824.3915174096037	3824.3959069056873	3981.9611332876666	3667.6229839427397	3981.958938539625	3667.6229839427397	3998.9901698145695	3762.859610135478
2.35	4023.2201689752546	4005.9804367861216	3691.925409738862	4023.2245584713382	4005.984826282205	3691.9297992349457	4020.9486065492674	4020.952996045351	3789.503830245012	3789.5082197410957	3944.9247894626315	3630.869762415372	3944.9247894626315	3630.869762415372	3959.8929592257773	3728.448182921522
2.36	4005.2978706942813	3988.7824047848117	3674.4749819124554	4005.3022601654084	3988.7867942559387	3674.4793713835825	4002.8770655262488	4002.881454997376	3772.9795853683318	3772.983974839459	3927.9572058060294	3613.649782933673	3927.9572058060294	3613.649782933673	3942.0518665474665	3712.1543863895495
2.38	3972.6422404909536	3957.2439004610787	3642.3241433593357	3972.6444352389954	3957.2460952091205	3642.3263381073775	3969.8988076103997	3969.9010023584415	3741.7812666915415	3741.7834614395833	3896.86423501026	3581.944477908517	3896.86423501026	3581.944477908517	3909.519142159581	3681.401601240723
2.4	3943.9371536176477	3929.2038217202353	3659.739455242059	3943.9393483656895	3929.206016468277	3659.741649990101	3940.8074454062444	3940.809640154286	3712.984000475364	3712.986195223406	3869.249937065004	3599.785570586828	3869.249937065004	3599.785570586828	3880.853560751013	3653.030115820133
2.42	3918.7941400204145	3904.253945775956	3678.5111203412234	3918.796334768471	3904.256140524012	3678.51331508928	3915.2254825251584	3915.227677273215	3686.462686181272	3686.4648809293285	3844.7060891839647	3618.9632637492323	3844.7060891839647	3618.9632637492323	3855.6776259331673	3626.914829589281
2.44	3896.881792969638	3882.0387237200775	3696.084453983087	3896.8839877176797	3882.0409184681193	3696.0866487311287	3892.82151231241	3892.823707060452	3662.0680810672056	3662.0702758152474	3822.877142458936	3636.922872721945	3822.877142458936	3636.922872721945	3833.6599310512684	3602.906499806064
2.46	3877.8906532410183	3862.213580409545	3712.437508662275	3877.89284798906	3862.215775157587	3712.4397034103167	3873.281685997703	3873.2838807457447	3639.6180211705505	3639.6202159185923	3803.416327023806	3653.6402552765358	3803.416327023806	3653.6402552765358	3814.4844326119637	3580.8207677848113
2.48	3861.541988057914	3844.466861822162	3727.570284403744	3861.544182805941	3844.471251318231	3727.5724791517714	3856.331660325435	3856.3338550734625	3618.930342553562	3618.932537301589	3786.0141836043913	3669.1176061859733	3786.016378352433	3669.1176061859733	3797.8789821076643	3560.477664335791
2.5	3847.565843585937	3828.524224702269	3741.4652232231456	3847.5680383339786	3828.5264194503106	3741.4674179711874	3841.7036762341886	3841.7058709822304	3599.8162970095	3599.818491757542	3770.398563693103	3683.3395622139797	3770.398563693103	3683.3395622139797	3783.5780152250227	3541.690636000334
2.52	3835.7054346036894	3814.1464416881063	3754.093793420936	3835.707629351731	3814.148636436148	3754.095988168978	3829.158506387117	3829.160701135159	3582.0893311544787	3582.0915259025205	3756.325850407142	3696.2732021399715	3756.325850407142	3696.2732021399715	3771.3379151061526	3524.2687398735143
2.54	3825.7193389514287	3801.2062175180035	3765.348452467806	3825.7215336745285	3801.210606989145	3765.350647190906	3818.4591181953874	3818.4613129184872	3580.37303955869	3580.3752342817897	3743.6731380058627	3707.815372955665	3743.6753327539045	3707.815372955665	3760.9260386832466	3522.839960046549
2.56	3817.359550275156	3790.203954321172	3774.5202972455736	3817.3617450231977	3790.206149069214	3774.5224919936154	3809.3816474835767	3809.3838422316185	3585.245376342369	3585.247571090411	3732.9276601302117	3717.244003054613	3732.9276601302117	3717.244003054613	3752.105353292616	3527.9690821514087
2.59	3807.2834700031235	3791.2289008329535	3770.064962265329	3807.2856647511653	3791.2310955809953	3770.0693517364707	3798.2608679673867	3798.2630627154285	3589.597558239533	3589.599752987575	3734.321324013479	3713.1573854458547	3734.321324013479	3713.1595801689546	3741.3532911479124	3532.6899814200588
2.61	3801.844888698921	3798.047977582057	3760.2785885101475	3801.844888698921	3798.047977582057	3760.2785885101475	3792.179225986183	3792.179225986183	3590.6444522317324	3590.6444522317324	3741.364264888107	3703.5948758161976	3741.364264888107	3703.5948758161976	3735.495513292233	3533.9607395377825
2.63	3797.137157868623	3804.1362038073858	3750.5119674623857	3797.137157868623	3804.1362038073858	3750.5119674623857	3786.885497903	3786.885497903	3590.3152402750857	3590.3152402750857	3747.660992027624	3694.036755682624	3747.660992027624	3694.036755682624	3730.4102861232386	3533.840028495324
2.66	3790.9326100719773	3811.3349716681696	3736.2219742949965	3790.9326100719773	3811.3349716681696	3736.2241690430383	3779.928152127104	3779.928152127104	3587.4993807840365	3587.4993807840365	3755.142882161148	3680.029884787975	3755.142882161148	3680.0320795360167	3723.7360626200825	3531.307291277015
2.68	3787.056688125449	3814.7960866092326	3726.8482128721225	3787.056688125449	3814.7960866092326	3726.8504076201643	3775.6418126212666	3775.6418126212666	3584.2335982938966	3584.2335982938966	3758.7773820477305	3670.8295083106204	3758.7773820477305	3670.8317030586622	3719.6231080597645	3528.2148937323946
2.71	3781.203299715955	3817.9916372119624	3712.821589245097	3781.203299715955	3817.9916372119624	3712.821589245097	3769.2858273096062	3769.2858273096062	3577.511090358792	3577.511090358792	3762.2099652642355	3657.0399172973703	3762.2099652642355	3657.0399172973703	3713.5041553618794	3521.729418411065
2.73	3777.0640082041064	3818.81905654975	3703.388569650051	3777.0640082041064	3818.81905654975	3703.388569650051	3764.880971484381	3764.880971484381	3571.9496032391326	3571.9496032391326	3763.180043099943	3647.749556200244	3763.180043099943	3647.749556200244	3709.241958034574	3516.3105897893256
2.76	3770.2142050073744	3818.140879953993	3688.9493337655877	3770.2120102593326	3818.1386852059513	3688.949333740631	3757.7173195673095	3757.7151248192677	3562.1500610206567	3562.147866272615	3762.6971989301383	3633.505652741733	3762.6971989301383	3633.507847464818	3702.2736385434546	3506.706379996802
2.79	3762.350429014128	3815.2372306161706	3674.0140851981123	3762.348234266072	3815.235035868114	3674.011890450056	3749.6230952293554	3749.620900481299	3550.776885704312	3550.7746909562557	3759.971324033919	3618.7481786158605	3759.971324033919	3618.7481786158605	3694.3571886471036	3495.5109791220602
2.82	3753.283932042512	3810.189314113959	3658.440165449705	3753.283932042512	3810.189314113959	3658.442360172805	3740.387602783332	3740.387602783332	3537.9661515438784	3537.9661515438784	3755.088013510045	3603.3388648457912	3755.088013510045	3603.341059568891	3685.2863021794183	3482.8648509399645
2.85	3742.8961977981526	3803.0805308479903	3642.1266161853564	3742.8961977981526	3803.0805308479903	3642.128810933398	3729.8747680004453	3729.8747680004453	3523.818816899351	3523.818816899351	3748.132862482191	3587.178947819557	3748.132862482191	3587.1811425675987	3674.927099634646	3468.8711485335516
2.88	3731.119189166624	3794.0030601611215	3624.9988160714565	3731.116994418582	3794.0008654130797	3624.9966213234147	3718.0055800260307	3718.003385277989	3508.4116978773236	3508.409503129282	3739.200245041269	3570.196000951604	3739.200245041269	3570.196000951604	3663.2027649061783	3453.6088827574713
2.91	3717.9199849272845	3783.0381076311023	3606.993117414837	3717.9199849272845	3783.0381076311023	3606.993117414837	3704.7405333953793	3704.7405333953793	3491.799663128899	3491.799663128899	3728.3823405052535	3552.337350288988	3728.3823405052535	3552.337350288988	3650.0847662695305	3437.14389600305
2.94	3703.3007798282197	3770.2844368947844	3588.08757280992	3703.298585080178	3770.2822421467426	3588.0875727849634	3690.0818228565186	3690.0796281084768	3474.039776053265	3474.0375813052233	3715.769133543741	3533.5722694588767	3715.769133543741	3533.574464181962	3635.5665195054753	3419.524472702222
2.97	3687.292300292058	3755.838616741239	3568.266818945558	3687.290105544016	3755.8364219931973	3568.2646241975162	3674.040422149643	3674.038227401601	3455.1781263592566	3455.1759316112148	3701.470361409156	3513.898563613475	3701.470361409156	3513.898563613475	3619.6721668175596	3400.8098710271734
3.01	3663.852409827319	3734.095265164855	3540.415488411498	3663.852409827319	3734.095265164855	3540.415488411498	3650.5698052123334	3650.5698052123334	3428.3956372728426	3428.3956372728426	3679.93112122592	3486.251344472563	3679.93112122592	3486.251344472563	3596.4056612733984	3374.2314933339076
3.04	3644.7668959828297	3716.0500610684394	3518.476804384205	3644.7668959828297	3716.0500610684394	3518.476804384205	3631.4645386604243	3631.4645386604243	3407.1482983295573	3407.1482983295573	3662.0505231078423	3464.477266423608	3662.0505231078423	3464.477266423608	3577.465000699827	3353.14876036896
3.08	3617.4225518470193	3689.849179738827	3487.877651498464	3617.4225518470193	3689.849179738827	3487.877651498464	3604.1114155324467	3604.1114155324467	3377.359006797269	3377.359006797269	3636.0888691150903	3434.1173408747272	3636.0888691150903	3434.1173408747272	3550.35110490871	3323.5986961735325
3.12	3588.0546516142495	3661.3920992195053	3455.8058237999794	3588.0546516142495	3661.3920992195053	3455.8058237999794	3574.745710047733	3574.745710047733	3346.009250655363	3346.009250655363	3607.8973529091163	3402.3110774895904	3607.8973529091163	3402.3110774895904	3521.250963737344	3292.514504344974
3.16	3556.8321907339705	3630.89170989579	3422.362279673689	3556.8343854820123	3630.893904643832	3422.364474421731	3543.532028159607	3543.5342229076487	3313.2307146615494	3313.2329094095912	3577.697643817519	3369.168213595418	3577.697643817519	3369.168213595418	3490.3379620813357	3260.0366485832783
3.2	3523.9022172500554	3598.5038387538516	3387.6172510070173	3523.959280649229	3598.5609021530254	3387.6721196581493	3510.5735229761194	3510.630586375293	3279.128746646922	3279.185810046096	3545.6411793553125	3334.754591608478	3545.6411793553125	3334.7523968604364	3457.7108635775803	3226.266087248383
3.24	3489.5017637513665	3564.5423344891024	3351.779238689196	3489.5017637513665	3564.5423344891024	3351.779238689196	3476.188432688752	3476.188432688752	3243.898679037433	3243.898679037433	3511.995718558959	3299.232622759053	3511.995718558959	3299.232622759053	3423.641816758609	3191.3520631072897
3.28	3453.775683483851	3529.145466178219	3314.9338377940294	3453.777878231893	3529.147660926261	3314.936032542071	3440.4755209094874	3440.477715657529	3207.650249160317	3207.6524439083587	3477.0202415475796	3262.80861316339	3477.0202415475796	3262.80861316339	3388.350296278848	3155.5250245296775
3.33	3407.510431456918	3483.165531172068	3267.6633919876913	3407.5148209530016	3483.1699206681515	3267.665586735733	3394.2344111109996	3394.2388006070832	3161.1194328449783	3161.123822341062	3431.6306932904117	3216.128554106035	3431.6306932904117	3216.1263593579934	3342.6995732293435	3109.584594963322
3.37	3369.422804193513	3445.2205624065828	3229.040246601493	3369.4271936895966	3445.2249519026664	3229.0424413495493	3356.168731278114	3356.1731207741977	3123.0932584518887	3123.0976479479723	3394.208074159469	3178.0277583543793	3394.208074159469	3178.025563606352	3305.1562430310005	3072.080770204775
3.42	3320.730162779393	3396.613516091209	3179.9701088237343	3320.7345522754767	3396.6179055872926	3179.972303571776	3307.5024268155394	3307.506816311623	3074.7781134014076	3074.782502897491	3346.320904627675	3129.6774973602005	3346.320904627675	3129.6753026121587	3257.2098153520055	3024.485501937874
3.47	3271.1135331635887	3346.9968865003466	3130.2569103939313	3271.111338415547	3346.994691752305	3130.2547156458895	3257.9165236723056	3257.914328924264	3025.8374656582746	3025.835270910233	3297.500967926986	3080.760991820571	3297.500967926986	3080.760991820571	3208.420605098945	2976.341547084914
3.53	3210.7602046643005	3286.540404893036	3070.1011090436805	3210.7602046643005	3286.540404893036	3070.1011090436805	3197.5961163437314	3197.5961163437314	2966.6297947132116	2966.6297947132116	3238.1001593040273	3021.660863454672	3238.1001593040273	3021.660863454672	3149.155870754723	2918.189549124203
3.58	3160.090096837128	3235.7100806085655	3019.8238607914827	3160.090096837128	3235.7100806085655	3019.821666043441	3146.956734964173	3146.956734964173	2917.1646026124217	2917.1646026124217	3188.2267444169265	2972.340524599844	3188.2267444169265	2972.338329851802	3099.473398772534	2869.681266420783
3.64	3099.2034449630883	3174.5534749250946	2959.6439172377286	3099.2012502150465	3174.551280177053	2959.639527741645	3086.1073937818874	3086.1051990338456	2857.9854633669456	2857.983268618904	3128.3167546227196	2913.4071969353536	3128.3167546227196	2913.4050021873118	3039.8706734795123	2811.7487430645706
3.7	3038.5801626793254	3113.585617473349	2899.94681787875	3038.5801626793254	3113.585617473349	2899.94681787875	3025.523616937906	3025.523616937906	2799.3220895368577	2799.3220895368577	3068.696471395262	2855.0576718006632	3068.696471395262	2855.0576718006632	2980.634470859819	2754.4329434587708
3.77	2968.780646096755	3043.2878934846813	2831.4773175611044	2968.780646096755	3043.2878934846813	2831.4773175611044	2955.7679952662584	2955.7679952662584	2732.0904261163087	2732.0904261163087	2999.9394593087927	2788.128883385216	2999.9394593087927	2788.128883385216	2912.41956109037	2688.74199194042
3.83	2909.8165920095926	2983.8278267394635	2773.847669234936	2909.8165920095926	2983.8278267394635	2773.847669234936	2896.847836114961	2896.847836114961	2675.542787701095	2675.542787701095	2942.024493961857	2732.0443364573293	2942.024493961857	2732.0443364573293	2855.0445033373544	2633.7394549234887
3.9	2842.5476179222314	2915.8916497716127	2708.327907939034	2842.545423174204	2915.8894550235855	2708.323518442965	2829.624951711521	2829.622756963494	2611.306953011139	2611.3047582631116	2875.988967275538	2668.4252254429593	2875.988967275538	2668.4230306949175	2789.7222692154464	2571.404270515064
3.98	2768.1062129006896	2840.578930476404	2636.12075465174	2768.1040181526478	2840.576735728362	2636.118559903698	2755.2406100891385	2755.2384153410967	2540.5856429749256	2540.583448226884	2803.0202370417683	2598.562061217104	2803.0202370417683	2598.562061217104	2717.681916654503	2503.02694954029
4.06	2696.5399255672965	2768.027202046069	2567.025751641413	2696.5399255672965	2768.027202046069	2567.025751641413	2683.7335809029464	2683.7335809029464	2472.974288467638	2472.974288467638	2732.8717557951313	2531.8703053904756	2732.8717557951313	2531.8703053904756	2648.578134652009	2437.8188422167004
4.14	2628.191136292109	2698.572260631481	2501.3655265956477	2628.1889415440673	2698.5700658834394	2501.363331847606	2615.4484392710438	2615.446244523002	2408.7713749484246	2408.769180200383	2665.9056566879444	2468.698922652111	2665.9056566879444	2468.698922652111	2582.781835327507	2376.104771004888
4.23	2555.4045699710696	2624.398614671314	2431.8447427897045	2555.4045699710696	2624.398614671314	2431.842548041677	2542.738689081554	2542.738689081554	2340.8242242154083	2340.8242242154083	2594.6268811233604	2402.0730092417507	2594.6268811233604	2402.0708144937234	2512.9669555336004	2311.0524906674545
4.32	2487.1238178601925	2554.5705664141133	2367.0843637171783	2487.1238178601925	2554.5705664141133	2367.0821689691365	2474.545726817465	2474.545726817465	2277.52335146736	2277.52335146736	2527.7441823918343	2340.2579796948994	2527.7441823918343	2340.2557849468576	2447.719342795186	2250.696967445081
4.42	2416.659293145174	2482.1922229043703	2300.809609693999	2416.659293145174	2482.1922229043703	2300.809609693999	2404.1931341527234	2404.1931341527234	2212.672987775062	2212.672987775062	2458.6733215600543	2277.290708349683	2458.6733215600543	2277.290708349683	2380.6742328084074	2189.1540864307462
4.53	2345.7141189834074	2408.900864958079	2234.809198951363	2345.716313731449	2408.903059706121	2234.811393699405	2333.3993975060002	2333.401592254042	2147.8994402142707	2147.9016349623125	2389.0252424675564	2214.9335764608404	2389.0252424675564	2214.9335764608404	2313.5237750154774	2128.023817723748
4.64	2281.5463214328483	2342.119124561563	2175.9219609957363	2281.5463214328483	2342.119124561563	2175.9197662476945	2269.4115691201296	2269.4115691201296	2089.765000237894	2089.765000237894	2325.842885988968	2159.6457224231417	2325.842885988968	2159.6435276751	2253.135330547535	2073.4887616652995
4.76	2218.9938571180683	2276.39964134364	2119.5191758264846	2218.9938571180683	2276.39964134364	2119.5191758264846	2207.104916411292	2207.104916411292	2033.502678818506	2033.502678818506	2263.955429831607	2107.074964314452	2263.955429831607	2107.074964314452	2194.660704899259	2021.0584673064732
4.89	2159.658890886436	2213.280932483409	2067.240318932789	2159.658890886436	2213.280932483409	2067.240318932789	2148.077214655903	2148.077214655903	1980.3898183678684	1980.3898183678684	2204.811406529843	2058.770792979223	2204.811406529843	2058.770792979223	2139.6076887023373	1971.9202924143028
5.03	2104.919723434825	2154.0622878230934	2020.516364964511	2104.919723434825	2154.0622878230934	2020.5141702164692	2093.7309067792667	2093.7309067792667	1931.4864813164604	1931.4864813164604	2149.604758094807	2016.0588352362247	2149.604758094807	2016.056640488183	2089.2733770509803	1927.028951588174
5.19	2053.044699881255	2096.6148034346406	1978.1775141140097	2053.044699881255	2096.6148034346406	1978.1775141140097	2042.376038137154	2042.376038137154	1902.7660312318185	1902.7660312318185	2096.2877862260502	1977.8504969054193	2096.2877862260502	1977.8504969054193	2042.0490209285636	1902.439014023228
5.35	2011.4257257894205	2049.048066867341	1946.2088394986204	2011.4257257894205	2049.048066867341	1946.2066447505786	2001.3342823060375	2001.3342823060375	1889.2793152236845	1889.2793152236845	2052.243617495027	1949.4043901263067	2052.243617495027	1949.4021953782649	2004.5298329337238	1892.4748658513709
5.54	1973.592689074212	2003.886772256723	1919.4592715829058	1973.592689074212	2003.886772256723	1919.4592715829058	1964.2342908626597	1964.2342908626597	1878.9288916710648	1878.9288916710648	2010.3129894308513	1925.8854887570342	2010.3129894308513	1925.8854887570342	1970.660508036788	1885.3551088451932
5.74	1945.1334138068487	1967.6822372905153	1901.5786734897702	1945.131219058807	1967.6800425424735	1901.5742839936865	1936.5190345823794	1936.5168398343376	1873.0798927826108	1873.077698034569	1976.1978529279877	1910.0942891272425	1976.1978529279877	1910.0920943792007	1945.0346502198518	1881.5955084200832
5.96	1924.3074661630817	1938.7203651209566	1890.5829945370497	1924.3074661630817	1938.7203651209566	1890.5829945370497	1916.4414954467356	1916.4414954467356	1870.9158729357732	1870.9158729357732	1948.0743738364254	1899.9370032525185	1948.0743738364254	1899.9370032525185	1925.7955041622045	1880.269881651242
6.21	1910.1074576154788	1916.1934890927514	1885.0917392798729	1910.1074576154788	1916.1934890927514	1885.0917392798729	1902.9591689097142	1902.9591689097142	1871.8486401046684	1871.8486401046684	1925.0931853380025	1893.991435525124	1925.0931853380025	1893.991435525124	1911.8588651549653	1880.7483363499196
6.5	1901.4777151547169	1899.555117392796	1883.5993117846665	1901.4777151547169	1899.555117392796	1883.5993117846665	1894.9768765971094	1894.9768765971094	1875.0288274711202	1875.0288274711202	1906.9404387123213	1890.9846331041917	1906.9404387123213	1890.9846331041917	1902.3621979166346	1882.4141487906454
6.82	1897.2023493641318	1889.3583260782907	1883.588338069414	1897.2023493641318	1889.3583260782907	1883.588338069414	1891.2172761969414	1891.2172761969414	1879.0583817056759	1879.0583817056759	1894.7771547000157	1889.007166691139	1894.7771547000157	1889.007166691139	1896.6361048186664	1884.4772103274008
7.19	1895.3675414739555	1888.098541725747	1879.2054297246214	1895.3675414739555	1888.098541725747	1879.2054297246214	1889.7819121258508	1889.7819121258508	1883.0198987759068	1883.0198987759068	1891.5267354461685	1882.6336234450428	1891.5267354461685	1882.6336234450428	1893.2101058462722	1886.4480924963282
7.62	1894.79690740745	1886.5666087907448	1879.339309230374	1894.79690740745	1886.5666087907448	1879.339309230374	1892.2356384895538	1892.2356384895538	1880.7483363499196	1880.7483363499196	1888.3267953223985	1881.0994957620278	1888.3267953223985	1881.0994957620278	1893.9958250212076	1882.5085228815733
8.14	1894.742038756318	1885.8203950556199	1879.7519215127686	1894.742038756318	1885.8203950556199	1879.7519215127686	1894.2482208463043	1894.2482208463043	1879.1505610485474	1879.1505610485474	1886.3098234945064	1880.2413499516551	1886.3098234945064	1880.2413499516551	1894.7376492851909	1879.639989487434
8.76	1894.79690740745	1885.5241042946436	1879.9209169871756	1894.79690740745	1885.5241042946436	1879.9209169871756	1895.4180206289893	1895.4180206289893	1878.224378098821	1878.224378098821	1885.203671330164	1879.600484022696	1885.203671330164	1879.600484022696	1895.0975876645098	1877.9039451343415
9.55	1894.8210496359097	1885.3924195369473	1879.9516434597608	1894.8210496359097	1885.3924195369473	1879.9516434597608	1895.9710966862185	1895.9710966862185	1877.741533929002	1877.741533929002	1884.6242583214043	1879.1834822442179	1884.6242583214043	1879.1834822442179	1895.2029354706756	1876.973372713459
10.56	1894.8144653917698	1885.3265771206497	1879.9406697195373	1894.8144653917698	1885.3265771206497	1879.9406697195373	1896.1422869086527	1896.1422869086527	1877.544006755008	1877.544006755008	1884.3718624713365	1878.985955070224	1884.3718624713365	1878.985955070224	1895.1875722593395	1876.5892921056948
11.96	1894.7991021554772	1885.295850673021	1879.9253064832592	1894.7991021554772	1885.295850673021	1879.9253064832592	1896.1598448680306	1896.1598448680306	1877.484748607807	1877.484748607807	1884.2862673725904	1878.9157231828285	1884.2862673725904	1878.9157231828285	1895.1502615676	1876.4751653073763
14.03	1894.7903231633245	1885.287071705825	1879.9209169871756	1894.7903231633245	1885.287071705825	1879.9209169871756	1896.1510658758634	1896.1510658758634	1877.4781643636816	1877.4781643636816	1884.268709438169	1878.9025547195197	1884.268709438169	1878.9025547195197	1895.1327036082075	1876.4598020960257
17.58	1894.790323188281	1885.2848769577831	1879.9209170121321	1894.790323188281	1885.287071705825	1879.9209170121321	1896.144481656709	1896.144481656709	1877.480359111738	1877.480359111738	1884.2687094132125	1878.9047494675615	1884.2709041612543	1878.9047494675615	1895.1283141121385	1876.4641915671673
25.83	1894.7903231633245	1885.287071705825	1879.9231117352174	1894.7881284152827	1885.2848769577831	1879.9209169871756	1896.1444816317526	1896.1422868837108	1877.4825538597797	1877.480359111738	1884.2709041862108	1878.9069442156033	1884.2709041862108	1878.9069442156033	1895.1283141121385	1876.4663863401656
