R	5A1_4A1	6A1_4A1	5B1_5A1	5B1_6A1	6B1_5A1	6B1_6A1	7B1_4A1	7B1_5B1	7B1_6B1	5B2_5A1	5B2_6A1	6B2_5A1	6B2_6A1	7B2_4A1	7B2_5B2	7B2_6B2	5A2_7B1	5A2_7B2	6A2_7B1	6A2_7B2	7A2_5B1	7A2_6B1	7A2_5B2	7A2_6B2	7A2_5A2	7A2_6A2
Intensities	6.459630182124728e-16	5.136227685586846e-05	1.6610310368584046e-06	1.3226496524786767e-06	1.2381098238368353e-08	2.023136339392954e-06	3.431970574134297e-08	2.2250042196397278e-05	2.3314355896917062e-07	1.660965525226987e-06	1.3226496524786767e-06	1.2381098238368353e-08	2.023136339392954e-06	3.431970574134297e-08	2.2250042196397278e-05	2.3314355896917062e-07	2.4615020908630194e-08	2.460704649517037e-08	2.9755232868274852e-06	2.9755232868274852e-06	1.924026543570863e-06	1.4925807284241065e-06	1.924026543570863e-06	1.4925807284241065e-06	5.290926631550262e-05	6.459630182124728e-16
2.12	26.361097811866784	1743.2935703241965	61.937935312409536	1654.9945371999202	564.9013606643712	1152.0311118479585	1547.5573163031513	1459.258283178875	956.2948578269134	61.93135109322611	1655.0011214191036	564.8991659163439	1152.0333065959858	1547.5573163031513	1459.2648673980584	956.2970525749406	1547.0898353446682	1547.0898353446682	973.844049240317	973.844049240317	1458.8983447745995	955.9349194226379	1458.904928993783	955.9371141706652	1546.7298969403928	973.4841108360415
2.13	28.913587762552197	1663.8766754608369	54.45823995185492	1580.5048477464297	540.6296613408049	1094.3334263574798	1527.1900706506422	1443.818242936235	957.6468215472851	54.45165570774407	1580.5114319905406	540.6274665927631	1094.3356211055216	1527.1900706506422	1443.824827180346	957.6490162953269	1526.6874737484613	1526.6874737484613	978.1698942108924	978.1698942108924	1443.230050935308	957.0586295463581	1443.236635179419	957.0608242943999	1526.0992817475344	977.5817022099654
2.15	38.71971422515344	1470.7565590337617	37.29971336539893	1394.7371314432094	487.9952555638738	944.0415892447345	1383.921421680163	1307.9019940896105	857.2064518911357	37.28873962518992	1394.7481051834184	487.9908660677902	944.0459787408181	1383.921421680163	1307.9129678298195	857.2108413872193	1380.1267053362972	1380.1267053362972	885.0643666693213	885.0643666693213	1427.638573227523	976.9430310290481	1427.649546967732	976.9474205251317	1499.8632844742096	1004.8009458072338
2.16	37.113159931614064	1444.3647347742808	30.272135727049317	1376.9794391156174	463.59406620569644	943.6575086369703	1310.2108671823953	1242.825571523732	809.5036410450848	30.26555148292391	1376.9860233597428	463.5918714576692	943.6597033849976	1310.2108671823953	1242.8321557678573	809.505835793112	1309.5919487088977	1309.5919487088977	841.6983745091129	841.6983745091129	1386.8909134093265	953.5689829306793	1386.8974976534519	953.5711776787066	1453.6572905944922	985.7637163947074
2.17	40.025588261618395	1377.0957606869342	19.610058202117216	1317.4601142231986	439.7986268327659	897.27154559255	1208.6599558907765	1149.0243094270409	728.8357407963922	19.60566870603361	1317.4645037192822	439.7964320847386	897.2737403405772	1208.6599558907765	1149.0286989231245	728.8379355444195	1211.025892407677	1211.025892407677	765.9050058170833	765.9050058170833	1283.7400320682937	863.551463437645	1283.7444215643773	863.5536581856722	1345.7416150489298	900.6207284583361
2.19	46.107230267778505	1250.8210322996456	6.149679145513801	1198.5641228863533	393.79674437116773	810.9170576606994	1115.5719863085833	1063.315076895291	675.668011669637	6.145289649430197	1198.568512382437	393.79454962312593	810.9192524087412	1115.5719863085833	1063.3194663913746	675.6702064176789	1114.8104093371658	1114.8104093371658	722.8133569374331	722.8133569374331	1208.3109912017535	820.6639259760996	1208.315380697837	820.6661207241414	1259.8063236436283	867.8092712438956
2.2	49.274249195863376	1191.6309193638735	1.3848849160422105	1143.7415550840524	373.8377215049986	768.5189486630115	1055.971455813502	1008.0820915336808	632.85948511264	1.3892744121258147	1143.745944580136	373.833332008915	768.5233381590951	1055.971455813502	1008.0864810297644	632.8638746087236	1055.155010190967	1055.155010190967	685.265637267963	685.265637267963	1153.4269705041952	778.2043640831544	1153.4313600002788	778.208753579238	1200.4998891614814	830.6105162384774
2.22	55.84312484295515	1080.6908833631605	15.477350909437519	1040.325109429643	339.29241476034804	685.5553437598574	944.1337685875915	903.7679946540738	548.9982289842883	15.47954565747932	1040.3273041776847	339.29022001230624	685.5575385078992	944.1337685875915	903.7701894021156	549.0004237323301	943.1966119226126	943.1966119226126	611.5880039658659	611.5880039658659	1049.8788400671474	695.1090743973618	1049.8810348151892	695.1112691454036	1089.3074573356862	757.6988493789395
2.23	59.240592140718945	1028.7719648986822	22.057200321694836	991.5885730796581	324.54810909777007	644.9832636601932	891.7254216842266	854.5420298652025	507.9367204457376	22.06158981777844	991.5929625757417	324.54371960168646	644.9876531562768	891.7254216842266	854.5464193612861	507.9411099418212	890.7224226279068	890.7224226279068	575.2517842169909	575.2517842169909	1001.0720718546945	654.4667624352296	1001.0764613507781	654.4711519313132	1037.2524646173988	721.781826206483
2.25	66.24841707164887	931.6412726435956	34.43776419044298	899.8306197623897	299.41826398878766	565.974591583159	793.5236932584085	761.7130403772026	427.8570121979719	34.44215368652658	899.8350092584733	299.41387449270405	565.9789810792427	793.5236932584085	761.7174298732862	427.86140169405553	792.3714514351159	792.3714514351159	503.56039634507033	503.56039634507033	909.1582915512699	575.3022633720393	909.1626810473535	575.3066528681229	939.8167026091833	651.0056475191377
2.26	69.85438523368794	886.2736718917877	40.306515786316595	856.7258024444163	288.71887577213056	527.7004108859692	747.5700952038023	718.022225756431	388.99683419798384	40.308710534343845	856.7279971924436	288.71448627604696	527.7048003820528	747.5700952038023	718.0244205044582	389.00122369406745	746.3344530297909	746.3344530297909	468.31716022238834	468.31716022238834	865.9700738576357	536.9446822991886	865.972268605663	536.9490717952722	894.2823011309956	616.2650083235931
2.28	77.24409604931134	801.5696331893705	51.54361687382334	775.8691540138825	270.3290965077176	453.99644063234155	661.5843246933655	635.8838455178775	314.0111321363365	51.54581162186514	775.8713487619243	270.32470701164857	454.0008301284106	661.5843246933655	635.8860402659193	314.0155216324056	660.1687133296946	660.1687133296946	399.43504762234807	399.43504762234807	784.9290667413588	463.0563533598179	784.9312614894006	463.06074285588693	809.2139345531759	548.4802688458294
2.3	84.86206043661514	724.4550271996268	62.26714726904174	701.8601140320534	255.13267314793484	384.4602936150768	583.0277703634638	560.4328571958904	243.0330367789138	62.269342017083545	701.8623087800952	255.12828365185123	384.4646831111604	583.0277703634638	560.4350519439322	243.03742627499742	581.4058528336463	581.4058528336463	333.19979901399347	333.19979901399347	710.715915341425	393.3160949244484	710.7181100894668	393.320484420532	731.688910979181	483.48285715952807
2.31	88.74895614832349	688.5972621494438	67.47966974959127	667.3279757507116	248.47820235218387	351.3701036489365	546.3623386828986	525.0930522841663	209.1351801823912	67.48405924567487	667.3323652467952	248.47381285610027	351.3744931450201	546.3623386828986	525.0974417802499	209.1395696784748	544.6284891027899	544.6284891027899	301.23770866764244	301.23770866764244	676.0520922774158	360.09422017564066	676.0564817734994	360.09860967172426	695.5875290960394	452.1967486608919
2.33	96.67199026381422	621.9208695341513	77.65890307973314	602.9077823500702	236.6792462651938	288.56963300514326	477.95429123553913	458.94120405145804	144.6030547065311	77.65670833169133	602.9055876020284	236.6792462651938	288.56963300514326	477.95429123553913	458.93900930341624	144.6030547065311	475.970240578361	475.970240578361	239.8396808992693	239.8396808992693	611.3838925727032	297.04574322777626	611.3816978246614	297.04574322777626	628.4129290996061	392.28236942051444
2.35	104.78157786301745	561.6333834261895	87.54184567388438	544.3936512370565	226.51318137337512	230.33862418979697	415.71787041411153	398.47813822497847	84.42311117771897	87.54184567388438	544.3936512370565	226.51318137337512	230.33862418979697	415.71787041411153	398.47813822497847	84.42311117771897	413.4463079881243	413.4463079881243	182.00153168386896	182.00153168386896	552.5910286580911	238.5360016108316	552.5910286580911	238.5360016108316	567.5591984212369	336.1144221169816
2.36	108.90331139054615	533.7535211675859	92.38784548107651	517.2380552581162	221.91957739127974	202.93063238575996	386.75160874849826	370.2361428390286	55.92871996667236	92.38784548107651	517.2380552581162	221.91957739127974	202.93063238575996	386.75160874849826	370.2361428390286	55.92871996667236	384.3308035804657	384.3308035804657	154.4333234225487	154.4333234225487	525.2554634894914	210.94804061713512	525.2554634894914	210.94804061713512	539.3501242309285	309.45264407301147
2.38	117.26968431092973	482.33281010920473	101.87134428105492	466.9344700793299	213.0484128206881	152.0147129775869	333.47853181559185	318.08019178571703	3.1604346839740174	101.87134428105492	466.9344700793299	213.0484128206881	152.0147129775869	333.47853181559185	318.08019178571703	3.1604346839740174	330.73509893503797	330.73509893503797	102.61755801617983	102.61755801617983	474.5304870361433	159.6107299344003	474.5304870361433	159.6107299344003	487.18539418546425	259.0678532666061
2.4	125.84016859951953	436.293616980809	111.1068367021071	421.5602850833966	158.357529776069	152.0959186052205	332.05853093089536	317.32519903348293	47.86083255530684	111.1068367021071	421.5602850833966	158.357529776069	152.0959186052205	332.05633620779554	317.3230043103831	47.85863783220702	328.928822719492	328.9266279963922	101.1053777886118	101.10318306551198	428.7810003996565	159.3166339214804	428.7810003996565	159.3166339214804	440.38462408566556	212.56117915478535
2.42	134.6147643062286	395.3637932249112	120.07457006176992	380.8235989804525	105.66825537296245	155.08077354572015	334.1632926554739	319.62309841101523	93.88027297628287	120.07457006176992	380.8235989804525	105.66825537296245	155.08077354572015	334.1610979074321	319.62090366297343	93.87807822824107	330.5946351602179	330.5924404121761	101.83183881633158	101.82964406828978	387.61853352606704	161.87570809133467	387.61853352606704	161.87570809133467	398.5900702752697	169.8272739313834
2.44	143.60883466733503	359.2689955859096	128.76576541777467	344.4259263363492	57.18850431921601	158.47165659935854	337.14156340176123	322.2984941522009	136.3442244152102	128.76576541777467	344.4259263363492	57.18850431921601	158.47165659935854	337.14156340176123	322.2984941522009	136.3442244152102	333.0812827445334	333.0812827445334	102.32785149932897	102.32785149932897	350.7314324680192	164.7771627310285	350.7314324680192	164.7771627310285	361.5142210603517	130.7607898151473
2.46	152.84432708838722	327.71951752196765	137.16725425691402	312.04244469049445	12.60881749035616	162.26637294322427	340.91652701325074	325.23945418177755	175.46338243450737	137.16725425691402	312.04244469049445	12.60881749035616	162.26637294322427	340.91433226520894	325.23725943373574	175.46118768646556	336.3075597699353	336.3053650218935	102.64389494278294	102.64170019474113	317.81901694349654	168.04294519622636	317.81901694349654	168.04294519622636	328.8871225316543	95.22345770450193
2.48	162.33879957866156	300.4278472892329	145.2636733429099	283.3527210534812	28.367095924491878	166.4561436350632	345.43331491369463	328.35818867794296	211.46161125952494	145.2658680909517	283.354915801523	28.367095924491878	166.4561436350632	345.4311201656528	328.35818867794296	211.45941651148314	340.222987181216	340.2207924331742	102.82166940934258	102.81947466130077	288.5981647047156	171.70158728629758	288.6003594527574	171.70158728629758	300.46296320798865	63.061645436115214
2.5	172.1076153495378	277.2491315918742	153.06599646586983	258.2075127082062	66.00699498674658	171.14851122908294	350.64583736927307	331.6042184856051	244.54521700648183	153.06599646586983	258.2075127082062	66.00699498674658	171.14851122908294	350.64583736927307	331.6042184856051	244.54521700648183	344.78367001752486	344.78367001752486	102.89629079283623	102.89629079283623	262.8274536667741	175.76845218765084	262.8274536667741	175.76845218765084	276.00690519869386	34.11952597400523
2.52	182.15296917394153	257.88488499568484	160.59397625835845	236.32589208010177	100.54132799118815	176.27324381293147	356.51239424204687	334.9534013264638	274.9007530592935	160.59397625835845	236.32589208010177	100.54132799118815	176.27324381293147	356.51019949400506	334.951206578422	274.8985583112517	349.9654660254746	349.9632712774328	102.89629079283623	102.89409604479442	240.28301965424907	180.23037138707878	240.28301965424907	180.23037138707878	255.29508435325988	8.225909120621509
2.54	192.45949779069633	242.0761274065153	167.94637635727122	217.56300597309018	132.08861130707373	181.7052409228927	362.98470107514004	338.4715796417149	302.61381459151744	167.94857110531302	217.565200721132	132.08861130707373	181.7052409228927	362.9825063271128	338.4715796417295	302.6116198434902	355.7244803190988	355.72228557107155	117.63840168240131	117.63620693437406	235.62796277692541	199.77019772672793	235.63015752496722	199.77019772672793	252.8808634543093	14.794784817611799
2.56	202.9833062888356	229.5353470305563	175.82771033485187	202.37975107657257	160.14405325925327	186.69609400097397	369.99911022523884	342.8435142712551	327.1598571956565	175.82771033485187	202.37975107657257	160.14405325925327	186.69609400097397	369.99691547719704	342.8413195232133	327.1576624476147	362.0212074336596	362.0190126856178	137.88493629245204	137.88274154441024	240.0745187899447	224.3908617143461	240.0745187899447	224.3908617143461	259.25221195234917	35.11594081114163
2.59	216.10788916963793	219.07079667963262	200.05331999946793	203.01622750946262	178.8893814318435	181.8522889418382	381.3218063865643	365.2672372163943	344.10329864876985	200.05331999946793	203.01622750946262	178.89157615494332	181.85448366493802	381.3196116385225	365.2650424683525	344.10329862382787	372.2992043508275	372.2970096027857	163.63589462297386	163.63369987493206	262.6738214286597	241.5098828610353	262.6738214286597	241.5120775841351	269.70578856309294	61.04247883523931
2.61	210.23913757374976	229.86455898720305	206.4422264568857	226.067647870339	168.67283738497645	188.29825879842974	389.2602037882607	385.46329267139663	347.6939035994874	206.4422264568857	226.067647870339	168.67283738497645	188.29825879842974	389.2580090402189	385.4610979233548	347.6917088514456	379.594541075523	379.5923463274812	178.0597673210723	178.05757257303048	282.9993668933166	245.22997782140737	282.9993668933166	245.22997782140737	277.130615297443	75.59584154299228
2.63	206.42247374948056	240.6078421397542	213.42151968824328	247.60688807851693	159.79728334324318	193.98265173351683	397.37857032971806	404.3776162684808	350.7533799234807	213.42151968824328	247.60688807851693	159.79728334324318	193.98265173351683	397.37857032971806	404.3776162684808	350.7533799234807	387.12691036409524	387.12691036409524	190.5566527361807	190.5566527361807	302.04757004606654	248.42333370106644	302.04757004606654	248.42333370106644	284.796864141681	88.22660651376646
2.66	203.74268853716785	256.4078207367711	224.1450501333602	276.81018233296345	149.03205276018707	201.69718495979032	409.64281265210593	430.0451742482983	354.93217687512515	224.1450501333602	276.81018233296345	149.03424750822887	201.69937970783212	409.64061790406413	430.0429795002565	354.93217687512515	398.6383547072328	398.636159959191	206.20958336416516	206.20738861612335	327.90607095573796	252.79307358256483	327.90607095573796	252.79526833060663	296.4992514146725	104.07048007160483
2.68	203.58027730688627	266.60022255517833	231.31967579066986	294.3396210389619	143.3718020535598	206.39174730185186	417.7216738036659	445.4610722874495	357.51319855033944	231.31967579066986	294.3396210389619	143.3739968016016	206.39394204989367	417.7194790556241	445.4588775394077	357.51319855033944	406.3067982994835	406.3046035514417	214.89858397211356	214.89638922407175	343.43829051630746	255.4904167791974	343.43829051630746	255.4926115272392	304.28401652834145	112.87580220097152
2.71	204.90809879881272	281.19967494683806	241.69643629482016	317.9880124428455	136.52638832795492	212.81796447598026	429.4920981910691	466.28043568707653	361.1103877202113	241.69643629482016	317.9880124428455	136.52638832795492	212.81796447598026	429.4899034430273	466.27824093903473	361.1081929721695	417.5746257847204	417.5724310366786	225.79988883390615	225.79769408586435	364.41128617901995	259.2412382121547	364.41128617901995	259.2412382121547	315.70547627666383	123.93073932584957
2.73	206.56732702038425	290.39566192812345	248.3223753660277	332.1507102737669	132.89188846632896	216.72022337406815	437.0091042683198	478.76415261396323	363.3336657142645	248.3223753660277	332.1507102737669	132.89188846632896	216.72022337406815	437.006909520278	478.76195786592143	363.3314709662227	424.82606754859444	424.82387280055264	231.894699303346	231.89250455530419	376.9805982046382	261.5501113049395	376.9805982046382	261.5501113049395	323.04251313926943	130.11114489402098
2.76	209.78263033053372	303.3073544235667	257.70930527715245	351.23402937018545	128.51775908874697	222.04248318177997	447.68435028148815	495.6110252281069	366.4194790397014	257.70930527715245	351.23402937018545	128.51995381183224	222.04467790486524	447.68215553344635	495.6088304800651	366.41947901474487	435.1874648414232	435.1852700933814	239.62020629477047	239.61801154672867	393.9262344057788	264.73468821737333	393.9262344057788	264.7368829404586	333.50267401909514	137.9354154724424
2.79	213.48077783545887	315.10411576252955	266.36757943750126	367.99091736457194	125.144434019443	226.76777194651368	457.55631911047385	510.44312071251625	369.219975294458	266.36757943750126	367.99091736457194	125.144434019443	226.76777194651368	457.5541243873886	510.440925989431	369.2177805713727	444.82898532570107	444.8267906026158	245.9827758006577	245.98058107757242	408.8263670295564	267.60322161149816	408.8263670295564	267.60322161149816	343.21223164274124	144.36602211769787
2.82	217.35231033580203	325.7881407678651	274.2576924072491	382.6935228393122	122.50854374299524	230.94437417505833	466.5942843824887	523.4996664539358	371.7505177896819	274.2576924072491	382.6935228393122	122.51073846609506	230.94656889815815	466.5920896344469	523.497471705894	371.7505177647399	453.69795512330893	453.6957603752671	251.27650388385518	251.27430913581338	421.91363921860466	270.1644905543508	421.91363921860466	270.1666852774506	352.1119278879778	149.69047664852405
2.85	221.19311633863254	335.38576634123456	281.37744938847027	395.5700993910723	120.42353472583636	234.61618472843838	474.8026355437323	534.98696859357	374.03305393093615	281.37744938847027	395.5700993910723	120.42572947387816	234.6183794764802	474.8004407956905	534.9847738455283	374.03305393093615	461.7812057460251	461.7790109979833	255.72525464493083	255.72305989688903	433.3943571141135	272.4404424514796	433.3943571141135	272.4426371995214	360.18859426656854	154.1326431654743
2.88	224.87151116109453	343.9496664106555	287.7553821555921	406.83353740515304	118.75113806592708	237.82929331548803	482.20770957067725	545.0915805651748	376.0873364755098	287.7553821555921	406.83353740515304	118.75113806592708	237.82929331548803	482.20551482263545	545.089385817133	376.085141727468	469.0941004300839	469.0919056820421	259.5002182813769	259.4980235333351	443.4594636459369	274.4552195562719	443.4594636459369	274.4552195562719	367.46198351084604	157.868101362139
2.91	228.3084838736686	351.5434886194271	293.4266065774864	416.66161132324487	117.38161636122095	240.61662110697944	488.85120662620466	553.9693293300224	377.924339113757	293.4266065774864	416.66161132324487	117.38161636122095	240.61662110697944	488.84901187816286	553.9671345819806	377.9221443657152	475.67175509429944	475.66956034625764	262.73088482781895	262.72869007977715	452.2625910522329	276.21760083596746	452.2625910522329	276.21760083596746	373.9650168165099	161.0241465500294
2.94	231.45575006940635	358.23527008196106	298.4394071359711	425.21892714852584	116.24254305110662	243.02206306366134	494.78141114227765	561.7650682088424	379.5682041239779	298.4394071359711	425.21892714852584	116.24473777419189	243.0242577867466	494.77921639423585	561.7628734608006	379.5682040990214	481.56245417057653	481.5602594225347	265.52040736732306	265.51821261928126	459.9507873519033	277.7539232670388	459.9507873519033	277.75611799012404	379.7481733136374	163.7061265103839
2.97	234.30233600808424	364.1040216778347	302.8486524572654	432.65033812701586	115.27685466158437	245.0785403313348	500.05758121619874	568.6038976653799	381.03209986969887	302.8486524572654	432.65033812701586	115.27685466158437	245.0785403313348	500.05538646815694	568.6017029173381	381.02990512165707	486.80570307378366	486.80350832574186	267.9434072833974	267.9412125353556	466.65354255464626	279.0817447589652	466.65354255464626	279.0817447589652	384.85534796305	165.99305217266374
3.01	237.62298714935605	370.7628819447127	307.8658424868918	441.00573728224845	114.18606573353463	247.3259605288913	506.169949669973	576.4128050075087	382.7330282541516	307.8658424868918	441.00573728224845	114.18606573353463	247.3259605288913	506.169949669973	576.4128050075087	382.7330282541516	492.88734505498724	492.88734505498724	270.71317711549636	270.71317711549636	474.22980677908345	280.5500300257263	474.22980677908345	280.5500300257263	390.70434682656196	168.5301788870711
3.04	239.76286479269038	374.97021059592953	311.04602987830003	446.2533756815392	113.47277319406567	248.68011899730482	510.1270772441203	581.41024232973	383.8369856454956	311.04602987830003	446.2533756815392	113.47277319406567	248.68011899730482	510.1248824960785	581.4080475816882	383.8347908974538	496.82471992171486	496.82252517367306	272.50847959084786	272.50628484280605	479.0187432120729	281.4454865278385	479.0187432120729	281.4454865278385	394.4332208040578	170.11698047319078
3.08	242.17269624545588	379.638435986446	314.59932413726347	452.06506387825357	112.62779589690035	250.09353563789045	514.6548388847586	587.0814667765662	385.1099385362031	314.59932413726347	452.06506387825357	112.62779589690035	250.09353563789045	514.6526441367168	587.0792720285244	385.1077437881613	501.343702570186	501.3415078221442	274.5912938350084	274.5890990869666	484.36953466947307	282.39800642910996	484.36953466947307	282.39800642910996	398.63177046309283	171.87936172791524
3.12	244.11065721872728	383.35414147567644	317.44810482398316	456.6915890809323	111.86182940445724	251.1053136614064	518.4232182770793	591.7606658823352	386.17439046280924	317.44810482398316	456.6915890809323	111.86182940445724	251.1053136614064	518.4232182770793	591.7606658823352	386.17439046280924	505.114276710563	505.114276710563	276.3778173181927	276.3778173181927	488.6822111518122	283.0959357322863	488.6822111518122	283.0959357322863	402.03582198004005	173.29936258766975
3.16	245.62064267331152	386.2292591139412	319.680161835131	460.2887782757607	111.15073161303008	251.75934805365978	521.5287842850084	595.5883034468279	387.058873224727	319.680161835131	460.2887782757607	111.15073161303008	251.75934805365978	521.5287842850084	595.5883034468279	387.058873224727	508.2286217106448	508.2286217106448	277.9273082125874	277.9273082125874	492.09723640893935	283.5678061868384	492.09723640893935	283.5678061868384	404.73755467275623	174.4362411746988
3.2	246.74654752010247	388.3713315053028	321.34816902389866	462.972953009099	110.4615812770644	252.08636526226474	524.0505477630941	598.6521692668903	387.765581520056	321.34816902389866	462.972953009099	110.4593865290226	252.08417051422293	524.0527425111504	598.6543640149466	387.76558152007055	510.7218534891581	510.72404823721445	279.27707715996075	279.2792719080171	494.7045950107422	283.81800726390793	494.7045950107422	283.8158125158661	406.77427923301	175.32950290381268
3.24	247.52568245091243	389.8681484966073	322.56625318864826	464.90871923434315	109.80315738874197	252.14562343443686	526.0631301448157	601.1037008825515	388.3406050826452	322.56625318864826	464.90871923434315	109.80315738874197	252.14562343443686	526.0653248928575	601.1058956305933	388.342799830687	512.7497990822012	512.751993830243	280.460045430882	280.4622401789238	496.6557244722644	283.8926286723581	496.6557244722644	283.8926286723581	408.3018226719141	176.01206902059494
3.28	247.97999494610121	390.7965261694335	323.34977764046926	466.16630886380153	109.13814925627958	251.95468047961185	527.6257895024901	602.9955721968581	388.78394381266844	323.34977764046926	466.16630886380153	109.13814925627958	251.95468047961185	527.6279842505319	602.9977669448999	388.78613856071024	514.3256269281264	514.3278216761682	281.50035517895594	281.50254992699774	498.0054934445943	283.79386506040464	498.0054934445943	283.79386506040464	409.33554817586264	176.51027642669214
3.33	248.1841063392494	391.2508386396512	323.83920605439926	466.90593835480104	108.33706687002268	251.40379917042446	529.019453385743	604.6745531008928	389.17241391651623	323.83920605439926	466.90593835480104	108.33487212198088	251.40160442238266	529.0216481337848	604.6767478489346	389.17241391651623	515.7434330398246	515.7456277878664	282.62845477380324	282.63064952184504	498.9514291017549	283.44928991737834	498.9514291017549	283.44709516933654	410.0203090406867	176.90533077466534
3.37	248.074369037	391.1191539068968	323.87212725006975	466.9169121199666	107.69181144497998	250.7365963148768	529.7415249423066	605.5392831553763	389.35896735028655	323.87212725006975	466.9169121199666	107.68961669695273	250.73440156684956	529.7437196903484	605.5414779034181	389.3589673503011	516.4874520269077	516.4896467749495	283.41197920068225	283.41417394872406	499.18187747140473	283.00156166631496	499.18187747140473	282.9993669182877	410.1300463429361	177.05457351671066
3.42	247.63980927418743	390.41244558659673	323.5231625860033	466.2957988984126	106.87975531852862	249.65239163093793	530.2068111527478	606.0901644645637	389.446757197089	323.5231625860033	466.2957988984126	106.87756057048682	249.65019688289613	530.2090059007896	606.0923592126055	389.446757197089	516.9790751888941	516.9812699369359	284.2547617747623	284.2569565228041	498.8899762064975	282.24656893902284	498.8899762064975	282.24437419098103	409.77888693082787	177.0545735166961
3.47	246.9089587503986	389.17021916847443	322.79231208715646	465.0535725052323	106.05233598074119	248.31359639881703	530.2353428523347	606.1186961890926	389.3787200826773	322.79231208715646	465.0535725052323	106.05233598074119	248.31359639881703	530.2353428523347	606.1186961890926	389.3787200826773	517.0383333610516	517.0383333610516	284.9592753470206	284.9592753470206	498.0164671847888	281.2764910783735	498.0164671847888	281.2764910783735	408.9361043567478	176.85704634271679
3.53	245.69965355287422	387.07204171296326	321.47985378160956	462.8522419416986	105.04055793225416	246.4129460923432	529.759082926641	605.5392831553763	389.0999873060209	321.47985378160956	462.8522419416986	105.04055793225416	246.4129460923432	529.759082926641	605.5392831553763	389.0999873060209	516.5949946060719	516.5949946060719	285.62867297555204	285.62867297555204	496.27603333561274	279.83673748625733	496.27603333561274	279.83673748625733	407.33174478630826	176.36542315578845
3.58	244.44206392341584	384.86851642635884	320.0620476948534	460.4885001977964	104.17582787777064	244.60228038071364	528.9667795076093	604.5867632790469	388.7005434619641	320.0620476948534	460.4885001977964	104.17363312972884	244.60008563267183	528.9667795076093	604.5867632790469	388.6983487139223	515.8334176346543	515.8334176346543	286.0412852829031	286.0412852829031	494.2963721994747	278.41015238239197	494.2963721994747	278.40795763435017	405.5430265550822	175.75089420333097
3.64	242.6752931226947	381.7453924341098	318.0253230847011	457.0954223961162	103.11576539733505	242.18586470875016	527.5621418591909	602.9121718211973	388.00261413383123	318.0253230847011	457.0954223961162	103.11357064929325	242.18366996070836	527.5621418591909	602.9121718211973	388.0004193857894	514.46609067799	514.46609067799	286.34416026304825	286.34416026304825	491.32029620124376	276.41073851387773	491.32029620124376	276.40854376583593	402.8742150580365	174.75228464309475
3.7	240.6605160428444	378.15259276032157	315.6659708368679	453.1580475543451	102.0271712422691	239.51924795974628	525.6812442850933	600.6866990791168	387.047899484518	315.6659708368679	453.1580475543451	102.0271712422691	239.51924795974628	525.6790495370515	600.684504331075	387.0457047364762	512.6246985436737	512.6225037956319	286.4231711426255	286.4209763945837	487.72530177939916	274.08650218480034	487.72530177939916	274.08650218480034	399.6633012439561	173.46177384290786
3.77	238.03120996062353	373.42949871867313	312.53845734854985	447.93674610659946	100.72788142497302	236.12617018302262	522.8697742901277	597.377021678054	385.5664457544772	312.53845734854985	447.93674610659946	100.72788142497302	236.12617018302262	522.8697742901277	597.377021678054	385.5664457544772	509.8571234596311	509.8571234596311	286.1795543096814	286.1795543096814	482.7454224165558	270.934846492979	482.7454224165558	270.934846492979	395.2255241981329	171.5479550481832
3.83	235.57528887383523	368.9631899982196	309.58652360370615	442.9744247280905	99.60636609917856	232.99426722356293	519.8980877879658	593.9093225178367	383.9291650133091	309.58652360370615	442.9744247280905	99.60636609917856	232.99426722356293	519.8980877879658	593.9093225178367	383.9291650133091	506.92933189333417	506.92933189333417	285.62428347946843	285.62428347946843	477.8028537704231	267.8226962658955	477.8028537704231	267.8226962658955	390.82286314592056	169.51781473205483
3.9	232.4806965811731	363.31830250291387	305.8247284305544	436.66233435229515	98.26098659797572	229.09859251971648	515.7236803324049	589.0677121817862	381.5039703492075	305.8247284305544	436.66233435229515	98.25879184993391	229.09639777167467	515.7236803324049	589.0677121817862	381.5017756011657	502.8010141216946	502.8010141216946	284.4830154213123	284.4830154213123	471.2186148371402	263.6548730045615	471.2186148371402	263.6526782565197	384.9519167770486	166.6339180766663
3.98	228.69256445647625	356.3455935156817	301.1652820321906	428.818311091396	96.70710620752652	224.36013526673196	509.88565515920345	582.3583727349178	377.9001969102537	301.1652820321906	428.818311091396	96.70710620752652	224.36013526673196	509.88565515920345	582.3583727349178	377.9001969102537	497.0200523476524	497.0200523476524	282.36508523343946	282.36508523343946	462.55156170959526	258.0933858849312	462.55156170959526	258.0933858849312	377.21324132232985	162.55827420811693
4.06	224.66959449101705	348.868092878256	296.15687096978945	420.3553693570284	95.15542056513368	219.35391895237262	502.7066400307813	574.1939165095537	373.1924661048979	296.15687096978945	420.3553693570284	95.15542056513368	219.35391895237262	502.7066400307813	574.1939165095537	373.1924661048979	489.90029536643124	489.90029536643124	279.1410029311228	279.1410029311228	452.56766080537636	251.5662104007206	452.56766080537636	251.5662104007206	368.2740396622539	157.51474722694547
4.14	220.44909737650596	340.94505873779417	290.830221715878	411.3261830771662	93.62348768004449	214.1194490413327	493.92984957604494	564.310973915417	367.1042398795835	290.830221715878	411.3261830771662	93.62348768004449	214.1194490413327	493.92984957604494	564.310973915417	367.1042398795835	481.18715255497955	481.18715255497955	274.51008823236043	274.51008823236043	441.14839578016836	243.94166174433485	441.14839578016836	243.94166174433485	358.0245744197309	151.3475100971118
4.23	215.51969716869644	331.5888552243705	284.513741868941	400.58289992461505	91.95986998733133	208.02902804300538	481.78631827115896	550.7803629714035	358.22649108979385	284.513741868941	400.58289992461505	91.95767523930408	208.02683329497813	481.78631827115896	550.7803629714035	358.2242963417666	469.12043738164357	469.12043738164357	267.2059725154977	267.2059725154977	426.46993253387336	233.9160606522637	426.46993253387336	233.91386590423645	344.8100069441134	142.89554207796755
4.32	210.43666474774363	321.8244289495924	277.8834133016644	389.2711775035132	90.39721060472948	201.78497480657825	466.86423819191987	534.3109867458406	346.8247840489057	277.8834133016644	389.2711775035132	90.39501585668768	201.78278005853645	466.86423819191987	534.3109867458406	346.8225893008639	454.2861471491924	454.2861471491924	257.2637717990874	257.2637717990874	409.71962878362683	222.2334260866919	409.71962878362683	222.2312313386501	329.6947891869786	132.6724138368736
4.42	204.6930136654555	310.63122282290715	270.22594342465163	376.16415258210327	88.84333021428029	194.78153937173192	446.815230755863	512.3481605150591	330.9655473046878	270.22594342465163	376.16415258210327	88.84333021428029	194.78153937173192	446.815230755863	512.3481605150591	330.9655473046878	434.3490717634122	434.3490717634122	242.82892538575106	242.82892538575106	388.6917644697969	207.30915125942556	388.6917644697969	207.30915125942556	310.69267571815	119.17252934048884
4.53	198.35458636305702	298.0684949915012	261.5413323377288	361.255240966173	87.44966633101285	187.16357495945704	420.8886927068088	484.0754386814806	309.9837726747646	261.5413323377288	361.255240966173	87.44966633101285	187.16357495945704	420.8886927068088	484.0754386814806	309.9837726747646	408.57397122940165	408.57397122940165	223.07401393767213	223.07401393767213	362.8859374632011	188.79427145648515	362.8859374632011	188.79427145648515	287.3844700111222	101.88451271939266
4.64	192.12150686685345	285.4443142898235	252.6943099955679	346.01711741853796	86.4971464297414	179.81995385271148	392.15946363002877	452.7322667587432	286.5351031929167	252.6943099955679	346.01711741853796	86.4949516816996	179.81775910466968	392.15946363002877	452.7322667587432	286.5329084448749	380.02471131731	380.02471131731	200.37814243507455	200.37814243507455	334.9117011386261	168.7145375727996	334.9117011386261	168.7123428247578	262.20414569719287	82.55757681495743
4.76	185.55702069088875	271.8149397588131	242.9628049164603	329.2207239843847	86.08233939930506	172.34025846722943	359.7298923002527	417.13567652582424	260.255211008669	242.9628049164603	329.2207239843847	86.08233939930506	172.34025846722943	359.7298923002527	417.13567652582424	260.255211008669	347.84095159347635	347.84095159347635	174.23871400069038	174.23871400069038	302.96277925559843	146.0823137384432	302.96277925559843	146.0823137384432	233.66805432325054	60.065816730464576
4.89	178.9903397419257	257.5820099905832	232.61238133889856	311.204051587556	86.57176778827852	165.163438036936	325.84739891506615	379.469440512039	233.42882696141896	232.61238133889856	311.204051587556	86.57176778827852	165.163438036936	325.84739891506615	379.469440512039	233.42882696141896	314.2657226845331	314.2657226845331	146.5783263964986	146.5783263964986	268.19360836048145	122.15299480986141	268.19360836048145	122.15299480986141	202.98989053297555	35.302494244941045
5.03	172.72214432693727	243.1932532611536	221.86470871520578	292.3358176494221	88.31878585662344	158.78989479083975	292.91742545612215	342.05998984439066	208.5140669858083	221.86470871520578	292.3358176494221	88.31659110858163	158.78770004279795	292.91523070808034	342.05779509634885	208.5096774897247	281.72860880056396	281.72641405252216	119.48418333775771	119.48198858971591	232.05711053362757	98.51118767504522	232.05711053362757	98.50899292700342	171.72572948980087	9.481304026994621
5.19	166.79413455890608	228.19435705037904	210.3642381122918	271.76446060376475	91.92694879166083	153.3271712831338	261.2055361369421	304.7756396903278	186.33835036969685	210.3642381122918	271.76446060376475	91.92694879166083	153.3271712831338	261.2033413889003	304.773444942286	186.33615562165505	250.53687439284113	250.53467964479933	110.92686748750566	110.92467273946386	211.6415804491844	93.20429112855345	211.6415804491844	93.20429112855345	157.40281515169772	17.792808246362256
5.35	162.3234363423835	215.0258792586974	199.94577742030378	252.64822033661767	97.10655005158333	149.8089929678972	236.04496455540357	273.66730563332385	170.8280782646034	199.94577742030378	252.64822033661767	97.10435530354152	149.8067982198554	236.04496455540357	273.66730563332385	170.8258835165616	225.95352107202052	225.95352107202052	113.89855398966756	113.89855398966756	201.84642772677762	99.00720035805716	201.84642772677762	99.00500561001536	154.1326431654743	42.07767608312133
5.54	158.97205875349755	201.8903226377006	189.26614193600835	232.1844058202114	104.83864126219123	147.75690514639427	213.75951063705725	244.05359381956805	159.62609314575093	189.26614193600835	232.1844058202114	104.83864126219123	147.75690514639427	213.75951063705725	244.05359381956805	159.62609314575093	204.40111242550483	204.40111242550483	119.09571323390992	119.09571323390992	191.93275868501223	107.50525801119511	191.93275868501223	107.50525801119511	152.28027729094902	66.9748780993541
5.74	157.17675625318952	190.77393261759426	179.72557973685616	213.3227561012609	113.62201593611098	147.21919230051572	197.41084542899625	219.9596689126629	153.8561051119177	179.72557973685616	213.3227561012609	113.61982118806918	147.2169975524739	197.41084542899625	219.9596689126629	153.8539103638759	188.79646620452695	188.79646620452695	125.3573244047584	125.3573244047584	183.29862672818126	117.19506292743608	183.29862672818126	117.19286817939428	152.13542402004532	88.69628222027677
5.96	157.02751351115876	181.4506503497396	171.44041246903362	195.86354930761445	123.30304188512673	147.72617872370756	185.41875163915392	199.83165059702878	151.6942800131219	171.44041246903362	195.86354930761445	123.30304188512673	147.72617872370756	185.41875163915392	199.83165059702878	151.6942800131219	177.55278092280787	177.55278092280787	132.02715841184545	132.02715841184545	175.82332083876827	127.68595025486138	175.82332083876827	127.68595025486138	153.54445116454735	108.01882865358493
6.21	158.22145552228903	173.74709083873313	164.30748699956166	179.83312231600576	133.2057371866831	148.7313725031272	176.79120397634688	182.8772354536195	151.77548564074095	164.30748699956166	179.83312231600576	133.2057371866831	148.7313725031272	176.79120397634688	182.8772354536195	151.77548564074095	169.6429152705823	169.6429152705823	138.53238646553655	138.53238646553655	169.46294605598086	138.3611962431023	169.46294605598086	138.3611962431023	156.22862587294367	125.1180970678979
6.5	160.40522810148832	167.63911190598446	158.48263033956755	165.7165141440637	142.52682473143796	149.7607085359341	170.78198860563862	168.85939084371785	152.90358523558825	158.48263033956755	165.7165141440637	142.52682473143796	149.7607085359341	170.78198860563862	168.85939084371785	152.90358523558825	164.28115004803112	164.28115004803112	144.33310092204192	144.33310092204192	164.3338239760633	148.3780183679337	164.3338239760633	148.3780183679337	159.75558318037656	139.80753405438736
6.82	162.9247968315467	163.28034573973855	155.0807735457056	155.43632245389745	149.31078553682892	149.66633444502077	166.96971427743847	159.12569099159737	153.3557029827207	155.0807735457056	155.43632245389745	149.31078553682892	149.66633444502077	166.96971427743847	159.12569099159737	153.3557029827207	160.98464111024805	160.98464111024805	148.82574661898252	148.82574661898252	161.48065376830345	155.71066575942677	161.48065376830345	155.71066575942677	163.33960388695414	151.1807093956886
7.19	160.2055061794672	165.36974422803905	152.93650643125875	158.1007444798306	144.04339443013305	149.2076324787049	164.52257215788995	157.2535724096815	148.3604604085558	152.93650643125875	158.1007444798306	144.04339443013305	149.2076324787049	164.52476690593176	157.2557671577233	148.3626551565976	158.93694280978525	158.93913755782705	152.17492945984122	152.17712420788303	164.92640547307383	156.03329347194813	164.92640547307383	156.03329347194813	166.60977587317757	159.84776252323354
7.62	158.18633957857674	167.38013181180577	149.95604096187162	159.14983319510065	142.72874140150088	151.92253363472992	165.22489095713536	156.99459234043024	149.7672927800595	149.95604096187162	159.14983319510065	142.72874140150088	151.92253363472992	165.22489095713536	156.99459234043024	149.7672927800595	162.66362203923927	162.66362203923927	151.176319899605	151.176319899605	162.06006680201972	154.83276724164898	162.06006680201972	154.83276724164898	167.72909650082875	156.24179436119448
8.14	156.94411316043988	168.81110641175474	148.02246945974184	159.8894627110567	141.95399591689056	153.82098916820541	165.9228202852537	157.00117658455565	150.93270304170437	148.02246945974184	159.8894627110567	141.95399591689056	153.82098916820541	165.9228202852537	157.00117658455565	150.93270304170437	165.4290023752401	165.4290023752401	150.33134257748316	150.33134257748316	159.87629424776242	153.80782070491114	159.87629424776242	153.80782070491114	168.30412003844685	153.20646024068992
8.76	158.78550529475615	167.0926200429967	149.51270218194986	157.81981693019043	143.90951487448183	152.2166296227224	166.39249596682203	157.11969285401574	151.5165055465477	149.51270218194986	157.81981693019043	143.90951487448183	152.2166296227224	166.39249596682203	157.11969285401574	151.5165055465477	167.01360918836144	167.01360918836144	149.81996665819315	149.81996665819315	158.67576799250674	153.0725806850387	158.67576799250674	153.0725806850387	168.56968432685244	151.37604179668415
9.55	159.31224442539678	166.65806028018415	149.88361432643433	157.2294301812217	144.44283824924787	151.78865410403523	166.63611282472266	157.2074827257602	151.76670664857375	149.88361432643433	157.2294301812217	144.44283824924787	151.78865410403523	166.63611282472266	157.2074827257602	151.76670664857375	167.78615987503144	167.78615987503144	149.55659711781482	149.55659711781482	158.08318649551074	152.6424104183243	158.08318649551074	152.6424104183243	168.661863644782	150.43230088756536
10.56	159.5339138028794	166.4715068713558	150.04602553175937	156.9836186002358	144.66011813064688	151.5977111991233	166.7260974195524	157.23820914843236	151.85230174731987	150.04602553175937	156.9836186002358	144.66011813064688	151.5977111991233	166.7260974195524	157.23820914843236	151.85230174731987	168.05391893643537	168.05391893643537	149.45563878279063	149.45563878279063	157.85493287388817	152.46902547277568	157.85493287388817	152.46902547277568	168.67064266189118	150.07236250824644
11.96	159.59756144616404	166.4100539511419	150.09430996370793	156.90680246868578	144.72376577394607	151.53625827892392	166.74365540387225	157.24040392141615	151.8698597316543	150.09430996370793	156.90680246868578	144.72376577394607	151.53625827892392	166.74365540387225	157.24040392141615	151.8698597316543	168.10439811642573	168.10439811642573	149.42930185620207	149.42930185620207	157.79128523060353	152.42074104084168	157.79128523060353	152.42074104084168	168.65527942561312	149.98018316538946
14.03	159.6041456653329	166.39469071486383	150.10089420783333	156.89143925736425	144.734739489184	151.5252845387149	166.74146063088847	157.2382091733889	151.87205445473955	150.10089420783333	156.89143925736425	144.734739489184	151.5252845387149	166.74146063088847	157.2382091733889	151.87205445473955	168.1022033434274	168.1022033434274	149.42930183124554	149.42930183124554	157.78250626339286	152.41635154474352	157.78250626339286	152.41635154474352	168.64650043343136	149.9735989212495
17.58	159.6063404133747	166.3968854878476	150.1008941828768	156.8914392573497	144.7369342372258	151.5274793116987	166.74146065583045	157.23601442533254	151.87205447968154	150.1030889309186	156.8936340053915	144.7369342372258	151.5274793116987	166.74365540387225	157.24040392141615	151.87424922772334	168.09561912425852	168.09781387230032	149.43149657928734	149.43369132732914	157.78250623843633	152.41854629278532	157.78470098647813	152.41854629278532	168.6421109373623	149.97798839239113
25.83	159.6041456653329	166.39469071486383	150.10089420783333	156.89143925736425	144.7369342372258	151.52747928675672	166.74146063088847	157.2382091733889	151.87424920278136	150.10089420783333	156.89143925736425	144.7369342372258	151.52747928675672	166.73926588284667	157.2360144253471	151.87205445473955	168.09561909931654	168.09342435127473	149.4336913273437	149.4314965793019	157.78470101143466	152.42074104082712	157.78470101143466	152.42074104082712	168.6421109373623	149.98018316538946
